2 325 0.438613402433
3 51 0.436267467677
3 196 0.39819772757
3 326 0.473096512995
51 196 0.404792999869
51 326 0.52161420922
196 326 0.400875016325
5 95 0.410918649375
95 38 0.436463366854
95 433 0.392882213749
6 30 0.410186923571
6 56 0.397818917948
6 62 0.459423720574
6 186 0.473634374898
6 236 0.491804349508
6 407 0.425742412673
30 47 0.388964166242
30 55 0.452742088542
30 56 0.413843767911
30 58 0.446574045888
30 62 0.413020765313
30 75 0.408358501401
30 88 0.438853971163
30 100 0.398445790888
30 101 0.442811898235
30 109 0.421222757382
30 175 0.451612903226
30 186 0.463276467289
30 199 0.400522406388
30 222 0.423571347756
30 236 0.46139780964
30 244 0.390074279703
30 248 0.452320703202
30 264 0.523614398894
30 269 0.426080710461
30 285 0.43911517433
30 299 0.429737495103
30 320 0.394057628001
30 338 0.416252971613
30 348 0.439140655609
30 353 0.46969128099
30 357 0.492555831266
30 366 0.482213696905
30 372 0.446846748458
30 399 0.403696389516
30 402 0.453310696095
30 417 0.48789486579
30 428 0.448874305589
30 438 0.51103565365
30 474 0.467063913212
56 55 0.464276386763
56 58 0.483380134784
56 62 0.420700351048
56 88 0.440265125543
56 100 0.491216613597
56 101 0.448924950674
56 109 0.487086557613
56 144 0.436452092201
56 175 0.440355889374
56 186 0.41799719202
56 199 0.443726124008
56 222 0.478032258528
56 244 0.477683090084
56 248 0.487494286161
56 264 0.443399614719
56 269 0.429450657146
56 285 0.409573252359
56 299 0.460925638785
56 320 0.534756913834
56 338 0.478613807834
56 348 0.496579871097
56 353 0.395676876068
56 357 0.44316382342
56 366 0.427465961407
56 372 0.467985059756
56 399 0.540621737181
56 402 0.478099747023
56 417 0.413034250824
56 428 0.47333877652
56 438 0.432911599111
56 457 0.446102359051
56 474 0.485323407451
62 88 0.39510244067
62 186 0.4981470901
62 236 0.484710953514
62 353 0.414640916044
62 366 0.423377683511
62 399 0.393181932069
62 407 0.475332223455
62 417 0.424030691429
62 457 0.40525009795
186 55 0.389106584939
186 88 0.454762137983
186 100 0.390126036909
186 109 0.407352989193
186 144 0.409090167067
186 222 0.395322290057
186 236 0.523542088701
186 244 0.389133770856
186 248 0.386338405483
186 264 0.432037091455
186 285 0.385933979822
186 299 0.411297037031
186 348 0.410121622779
186 353 0.41468033719
186 357 0.431736184859
186 366 0.447970744768
186 399 0.412291015562
186 402 0.393143416916
186 407 0.489347460598
186 438 0.399542894511
186 457 0.39438413196
186 474 0.390439808013
236 88 0.411153921724
236 264 0.397701299761
236 299 0.411571678616
236 353 0.405355102041
236 366 0.427806439201
236 399 0.396564674457
236 407 0.441103002459
7 353 0.409560660289
7 357 0.385476867022
7 417 0.390413530818
353 55 0.392580740804
353 58 0.395559183673
353 97 0.400861999077
353 101 0.411519811976
353 109 0.430679814766
353 144 0.388009991725
353 222 0.425519442525
353 248 0.404440816327
353 264 0.512962842303
353 267 0.403095969474
353 269 0.406412747618
353 285 0.51133024255
353 299 0.392764436499
353 320 0.386599621443
353 338 0.396903451458
353 348 0.435146034186
353 357 0.535255416703
353 366 0.416965976843
353 372 0.398040348351
353 402 0.40693517101
353 417 0.538039574505
353 428 0.426724138159
353 438 0.524676343013
357 55 0.574344074675
357 58 0.517558324295
357 75 0.446037058259
357 88 0.512643865875
357 100 0.462442656425
357 101 0.52705129489
357 109 0.52603052819
357 144 0.458419042266
357 175 0.531213268904
357 199 0.458444208697
357 222 0.518170146483
357 244 0.506701493823
357 248 0.507109856452
357 262 0.438474754289
357 264 0.6888254021
357 267 0.399908570148
357 269 0.494188324409
357 285 0.609354338503
357 299 0.517696225676
357 320 0.438200963245
357 338 0.52240662492
357 348 0.57359279091
357 366 0.501999836815
357 372 0.523073930954
357 399 0.399451422224
357 402 0.548974794306
357 417 0.534193127163
357 428 0.556758258863
357 438 0.611140133211
357 457 0.460232467024
357 474 0.505003673237
417 19 0.430222686835
417 27 0.401671727561
417 46 0.405485266563
417 47 0.473830280471
417 55 0.436259145249
417 58 0.466270489375
417 75 0.418780814314
417 88 0.390766317302
417 97 0.47137376547
417 101 0.449969797458
417 109 0.470434583864
417 175 0.460468533242
417 206 0.406203575272
417 222 0.479208229643
417 244 0.409312044928
417 248 0.439430549441
417 262 0.404154576216
417 264 0.539066836451
417 267 0.47133550717
417 269 0.514145784086
417 285 0.49048225422
417 320 0.405655140889
417 338 0.503568489413
417 348 0.474769406642
417 366 0.424723283377
417 372 0.468442299678
417 402 0.479275161275
417 428 0.510759184763
417 438 0.548363398979
417 457 0.4075748919
417 474 0.448297254057
8 124 0.415974139739
8 286 0.413125459201
8 340 0.46577401609
8 413 0.478858523525
8 455 0.448583789138
124 413 0.387369590998
124 455 0.392620410047
286 340 0.416551015908
286 413 0.396473757297
286 455 0.396304035523
340 413 0.453037242407
340 455 0.420992484992
413 455 0.425140804889
9 350 0.413661372184
9 352 0.534537084539
350 148 0.39090968479
350 352 0.4032
350 388 0.396160188548
10 24 0.464974287875
10 128 0.470540219003
10 395 0.470745722868
10 432 0.469962126159
24 128 0.611245347417
24 395 0.526944739275
24 432 0.576312137861
128 395 0.547205851798
128 432 0.526961945353
395 432 0.494710722215
11 181 0.431435287972
18 23 0.588631065884
18 25 0.628942729742
18 29 0.496612300803
18 84 0.495493730408
18 105 0.64337262876
18 113 0.595768302714
18 138 0.54833390541
18 141 0.611699782935
18 143 0.600382035299
18 149 0.515575002732
18 153 0.587801215908
18 162 0.647880886904
18 164 0.429961471563
18 176 0.418603138847
18 313 0.55488800484
18 316 0.545276426506
18 343 0.490016490114
18 346 0.664141580467
18 351 0.528532942099
18 358 0.469526033141
18 387 0.519036114213
18 394 0.489653952337
18 456 0.654150069964
18 467 0.647030010468
23 25 0.535817523951
23 29 0.459438287642
23 84 0.459624090894
23 105 0.581791465417
23 113 0.556261344881
23 138 0.502024833497
23 141 0.59218133669
23 143 0.542978459649
23 149 0.453258451571
23 153 0.524321956911
23 162 0.54437388351
23 164 0.447575983772
23 176 0.395322248718
23 313 0.456981447714
23 316 0.484918760851
23 343 0.434683224945
23 346 0.58134258206
23 351 0.470392269749
23 358 0.463372424717
23 387 0.460312549527
23 394 0.431166287598
23 456 0.561813181236
23 467 0.569314940419
25 29 0.453873153272
25 84 0.415202769775
25 105 0.592261227331
25 113 0.605393757346
25 138 0.510097134996
25 141 0.586518212056
25 143 0.580034282993
25 149 0.492359932088
25 153 0.528927778503
25 162 0.579926864307
25 164 0.399830220713
25 176 0.396564405031
25 313 0.515541334726
25 316 0.519575512697
25 343 0.446102359051
25 346 0.599777980932
25 351 0.499632650327
25 358 0.457153119579
25 387 0.463366853859
25 394 0.500465449532
25 456 0.580710461016
25 467 0.642089798999
29 84 0.440972392816
29 105 0.485330374358
29 113 0.519304546637
29 138 0.447121820616
29 141 0.483902566705
29 143 0.468018415124
29 153 0.459489021366
29 162 0.4361766387
29 313 0.403852746768
29 316 0.461427943218
29 346 0.486131744412
29 358 0.392542284543
29 387 0.47137376547
29 394 0.394617390484
29 456 0.510684842122
29 467 0.449150191704
84 105 0.475720863657
84 113 0.437144910486
84 138 0.424188993342
84 141 0.482783392446
84 143 0.425756314693
84 153 0.449683276607
84 162 0.398680860251
84 313 0.38940769364
84 316 0.435685596026
84 346 0.473323321064
84 351 0.409078292596
84 387 0.46607457815
84 456 0.423757592492
84 467 0.439734840061
105 113 0.625828574431
105 138 0.549135497919
105 141 0.642284520829
105 143 0.631879706264
105 149 0.491232655418
105 153 0.550530614886
105 162 0.606628574339
105 164 0.447281634799
105 176 0.429133670022
105 313 0.508604084073
105 316 0.52073672523
105 343 0.486114060625
105 346 0.612897962124
105 351 0.502294139805
105 358 0.462487959149
105 387 0.498808165659
105 394 0.493197682572
105 456 0.579853064007
105 467 0.663640519888
113 138 0.553130356779
113 141 0.607676359438
113 143 0.642135335977
113 149 0.477275695442
113 153 0.559683949327
113 162 0.616690609899
113 164 0.443907535588
113 176 0.403487871544
113 313 0.494971921118
113 316 0.476473471674
113 343 0.48312790799
113 346 0.630142353402
113 351 0.491077408553
113 358 0.487845493867
113 387 0.482499673501
113 394 0.510067801693
113 456 0.631448347917
113 467 0.641502043894
138 141 0.54117416603
138 143 0.566167107454
138 149 0.441008897292
138 153 0.467912823505
138 162 0.502456942357
138 164 0.4123418497
138 313 0.467325116379
138 316 0.463583080452
138 343 0.420609266334
138 346 0.541245612675
138 351 0.465517243613
138 358 0.451446483621
138 387 0.496645171889
138 394 0.465166435629
138 456 0.543204636429
138 467 0.522424857657
141 143 0.592241886295
141 149 0.467013861106
141 153 0.510179093881
141 162 0.609961961778
141 164 0.440370268107
141 176 0.436265072552
141 313 0.483470197958
141 316 0.532434242316
141 343 0.428198263142
141 346 0.59128532551
141 351 0.526075173378
141 358 0.473404081633
141 387 0.487845493867
141 394 0.458061164291
141 456 0.581293978135
141 467 0.604862279694
143 149 0.495861562388
143 153 0.557701412204
143 162 0.605305689412
143 164 0.429842461897
143 176 0.406531689264
143 313 0.4981470901
143 316 0.485983446247
143 343 0.431122865446
143 346 0.592637335807
143 351 0.501436784015
143 358 0.475739567941
143 387 0.490768100629
143 394 0.551980955072
143 456 0.607264713166
143 467 0.644092150589
149 153 0.438814156981
149 162 0.489160245527
149 313 0.394475643202
149 316 0.427036736743
149 343 0.511141947664
149 346 0.502481389578
149 351 0.435762219372
149 358 0.390609440006
149 387 0.479561185843
149 394 0.385629156342
149 456 0.496865613164
149 467 0.541257145454
153 162 0.51057855557
153 164 0.462517957425
153 313 0.452200600757
153 316 0.45746938995
153 343 0.419720839171
153 346 0.549497192112
153 351 0.448758350006
153 358 0.472891124267
153 387 0.447172521875
153 394 0.4357312251
153 456 0.533564059031
153 467 0.544783676083
162 164 0.442079143268
162 313 0.506464672848
162 316 0.488424492139
162 343 0.463537670456
162 346 0.612511427452
162 351 0.485591604667
162 358 0.484710953514
162 387 0.480801880632
162 394 0.491450996483
162 456 0.59383570589
162 467 0.63288163569
164 176 0.397217562249
164 346 0.418048844195
164 358 0.521998923128
164 456 0.391406556092
164 467 0.434481634738
176 346 0.41341586126
176 358 0.395963298369
176 387 0.38650578387
176 456 0.384807575103
176 467 0.458202013604
313 316 0.416718369346
313 343 0.409991021196
313 346 0.52331200209
313 351 0.426945748841
313 387 0.396173436072
313 394 0.384714646612
313 456 0.506334073397
313 467 0.515200002472
316 346 0.531134696426
316 351 0.448867625748
316 358 0.409652718176
316 387 0.453551022584
316 394 0.427215874585
316 456 0.491885716646
316 467 0.507412971067
343 346 0.482997306407
343 351 0.405041799227
343 387 0.424683699346
343 456 0.457268794445
343 467 0.48937942007
346 351 0.520726872411
346 358 0.497510326622
346 387 0.492817030168
346 394 0.45637301614
346 456 0.618649601672
346 467 0.651820411291
351 358 0.404532541763
351 387 0.442815395796
351 394 0.407068672038
351 456 0.482326245211
351 467 0.512744313704
358 387 0.427570895
358 456 0.489804581588
358 467 0.492791484256
387 456 0.473880109704
387 467 0.508016328968
394 456 0.515032283083
394 467 0.505414116328
456 467 0.61113469681
19 93 0.460222357008
19 97 0.472172792103
19 206 0.423260902015
19 267 0.413873063368
19 355 0.46740567865
19 421 0.428485135936
93 97 0.459318270863
93 206 0.385203082147
93 267 0.39331200546
93 421 0.522920203735
93 470 0.403565481653
97 206 0.400091419616
97 267 0.463131091119
97 421 0.444429933394
267 47 0.406936309488
267 58 0.424192947217
267 101 0.396264007112
267 109 0.39531049084
267 175 0.401410758146
267 222 0.427509613806
267 248 0.39101256117
267 262 0.39243422014
267 264 0.39531049084
267 269 0.444517022444
267 285 0.393089828851
267 338 0.421561589281
267 348 0.413950762306
267 402 0.435961082106
267 421 0.390111691898
267 428 0.4148010282
267 438 0.439814520885
267 474 0.389889463043
20 21 0.899242523181
20 171 0.505289277785
21 171 0.500391798354
21 448 0.387017779185
448 278 0.60656620973
22 344 0.390296460755
26 55 0.397884049685
26 58 0.390740045854
26 75 0.465627295793
26 88 0.38485021636
26 100 0.386234144097
26 132 0.486874755126
26 144 0.391354034231
26 175 0.38637847721
26 244 0.388441759908
26 269 0.390622959384
26 402 0.405445997127
26 404 0.437417353744
26 428 0.396760870532
55 58 0.563432715175
55 75 0.50385318946
55 88 0.525600838468
55 100 0.612807368319
55 101 0.590559539578
55 109 0.57686781886
55 132 0.463583081935
55 144 0.45086290091
55 175 0.560890793717
55 199 0.537356324417
55 222 0.589611276228
55 244 0.686585687725
55 248 0.587793489808
55 262 0.442215991177
55 264 0.579937306858
55 269 0.524253460623
55 285 0.505877745374
55 299 0.63148786515
55 320 0.505289971077
55 338 0.541510841618
55 348 0.603667002587
55 366 0.533699062122
55 372 0.585879710913
55 399 0.440286078182
55 402 0.609479342419
55 428 0.590882372466
55 438 0.529608650131
55 457 0.538098584716
55 474 0.558712123893
58 47 0.410892705763
58 75 0.482269966952
58 88 0.494481813102
58 100 0.513959183673
58 101 0.58346802509
58 109 0.628550904795
58 132 0.434623610793
58 144 0.459323113153
58 175 0.64574796414
58 199 0.508718082946
58 222 0.639095837062
58 244 0.579899432164
58 248 0.624130612245
58 262 0.387575140864
58 264 0.510742506639
58 269 0.617079980496
58 285 0.477894599615
58 299 0.525721189797
58 320 0.466792921296
58 338 0.599356549322
58 348 0.635495405069
58 366 0.522497224859
58 372 0.632285476633
58 399 0.429872972213
58 402 0.673044586379
58 404 0.389146477057
58 428 0.605276907324
58 438 0.51324833131
58 457 0.537214504424
58 474 0.607849539931
75 88 0.432232997029
75 100 0.429243126984
75 101 0.445398592781
75 109 0.451627648807
75 132 0.591788425514
75 144 0.449316768218
75 175 0.474704105851
75 199 0.417278871584
75 222 0.469473802074
75 244 0.484539785157
75 248 0.46907856095
75 262 0.387823778729
75 264 0.472393639599
75 269 0.484042119075
75 285 0.437848956803
75 299 0.469022936966
75 320 0.400822803409
75 338 0.437719486711
75 348 0.469741245675
75 366 0.475919939922
75 372 0.463216700574
75 402 0.508399314409
75 404 0.547098964966
75 428 0.498612245961
75 438 0.452567137437
75 457 0.435197126823
75 474 0.451431743233
88 100 0.482596486903
88 101 0.49666138808
88 104 0.411010793382
88 109 0.555065791622
88 132 0.391641498705
88 144 0.59278729213
88 175 0.479471063651
88 199 0.488915009632
88 222 0.515598002501
88 244 0.484278577726
88 248 0.506367139302
88 262 0.388411687439
88 264 0.50680771868
88 269 0.470002448842
88 285 0.468606131844
88 299 0.540135499215
88 320 0.511182943155
88 338 0.504417732504
88 348 0.507223900157
88 366 0.560094034675
88 372 0.490781735847
88 399 0.426528215213
88 402 0.532560607368
88 428 0.477191837752
88 438 0.488809076875
88 457 0.467129214004
88 474 0.534822215692
100 101 0.458212927197
100 109 0.483053614833
100 132 0.406020930074
100 144 0.417527877152
100 175 0.493592151181
100 199 0.564748906459
100 222 0.531033629487
100 244 0.611245347417
100 248 0.507102040816
100 264 0.452164827512
100 269 0.465707802625
100 285 0.465356233514
100 299 0.571106721988
100 320 0.507999739055
100 338 0.459161535442
100 348 0.515338024878
100 366 0.485665774438
100 372 0.491320338085
100 399 0.472063482704
100 402 0.528137397985
100 428 0.501175548857
100 438 0.445398593256
100 457 0.467275072802
100 474 0.476980343753
132 101 0.384889150301
132 109 0.412407150492
132 175 0.40662139219
132 222 0.419128862733
132 244 0.430495469815
132 248 0.41326955464
132 264 0.392882213749
132 269 0.403944103435
132 299 0.404074702886
132 338 0.405343642319
132 348 0.401070915502
132 366 0.389551873368
132 372 0.415167071072
132 402 0.444364633669
132 404 0.525834625815
132 428 0.40583827338
132 438 0.394083844848
132 474 0.407117786357
144 101 0.438646901326
144 104 0.396878266259
144 109 0.509003640706
144 175 0.496490025406
144 199 0.41725303256
144 222 0.499109889284
144 244 0.46688325476
144 248 0.487208372173
144 264 0.458132662951
144 269 0.448558461727
144 285 0.423913930803
144 299 0.4678225098
144 320 0.4427211729
144 338 0.424105857851
144 348 0.453782610357
144 366 0.545769186888
144 372 0.46835196582
144 399 0.400248176755
144 402 0.484409181699
144 404 0.403931236075
144 428 0.452611471751
144 438 0.456786495819
144 457 0.405459235531
144 474 0.48458034715
175 101 0.602605544449
175 109 0.603281364867
175 199 0.474247000308
175 222 0.629232272061
175 244 0.541245612675
175 248 0.609113023766
175 262 0.406466913753
175 264 0.544314749889
175 269 0.582147054982
175 285 0.508725818368
175 299 0.527164685908
175 320 0.467586319546
175 338 0.56610926742
175 348 0.6100953376
175 366 0.535890947749
175 372 0.640843948125
175 399 0.400039186926
175 402 0.664098210788
175 404 0.416063994831
175 428 0.565639746542
175 438 0.533237560402
175 457 0.484719864177
175 474 0.616276222431
244 101 0.538585865254
244 109 0.557939073367
244 199 0.55180069873
244 222 0.578120466818
244 248 0.562985698726
244 262 0.428389479688
244 264 0.514186828615
244 269 0.527663047985
244 285 0.47598524178
244 299 0.608766631377
244 320 0.48806608548
244 338 0.522055858228
244 348 0.5887192883
244 366 0.499755118033
244 372 0.562241803594
244 399 0.45781086949
244 402 0.582189209122
244 428 0.590889797178
244 438 0.480058770777
244 457 0.527075340859
244 474 0.528292029908
269 47 0.390531385245
269 101 0.564469259451
269 109 0.584278834459
269 199 0.443294425004
269 222 0.631126861262
269 248 0.591742445978
269 262 0.407969322594
269 264 0.532038201034
269 285 0.480450575527
269 299 0.466370641243
269 320 0.45929311899
269 338 0.575450788911
269 348 0.631970745723
269 366 0.473136886848
269 372 0.615108292681
269 402 0.634125636672
269 428 0.651385285676
269 438 0.506399373123
269 457 0.483609768839
269 474 0.579315974283
402 47 0.400653007971
402 101 0.636823717974
402 109 0.663619296472
402 199 0.511599053207
402 222 0.673461130306
402 248 0.667363231989
402 262 0.452453688728
402 264 0.583495224957
402 285 0.53079748599
402 299 0.568434112577
402 320 0.520218757722
402 338 0.627123121074
402 348 0.668734491315
402 366 0.547057383144
402 372 0.664620035896
402 399 0.44771343498
402 404 0.409207411694
402 428 0.615598114735
402 438 0.567324017239
402 457 0.528601279875
402 474 0.644616766064
404 109 0.385803376106
404 222 0.39277435264
404 248 0.397831907742
404 299 0.385046118735
404 366 0.403173670291
428 47 0.405028572292
428 101 0.576433901653
428 109 0.557975511394
428 199 0.487902041857
428 222 0.597563013476
428 248 0.560736677415
428 262 0.414306726541
428 264 0.583575511449
428 285 0.517159184776
428 299 0.519926207019
428 320 0.465763266299
428 338 0.551619410165
428 348 0.632969259754
428 366 0.516114286815
428 372 0.569333542137
428 399 0.418196068409
428 438 0.547550245902
428 457 0.534228014384
428 474 0.542497960341
28 118 0.426799007444
28 382 0.479495886117
118 382 0.436659266031
47 101 0.385711720294
47 248 0.409194802021
47 264 0.399647369968
47 285 0.408006007771
47 338 0.402639214438
47 348 0.395233042253
47 438 0.435131826031
101 109 0.666514293266
101 199 0.460418265289
101 222 0.615467597618
101 248 0.640022203804
101 262 0.419153091234
101 264 0.562943855886
101 285 0.514489086317
101 299 0.541940118485
101 320 0.492090183404
101 338 0.579454553163
101 348 0.581513044356
101 366 0.505673191585
101 372 0.636096435587
101 399 0.428265875674
101 438 0.535801743845
101 457 0.490025141476
101 474 0.609570143584
109 199 0.480686975544
109 222 0.652337310564
109 248 0.651472605323
109 262 0.414279670659
109 264 0.559767525386
109 285 0.496881836288
109 299 0.567039425429
109 320 0.542462533059
109 338 0.602603299033
109 348 0.6268549507
109 366 0.562640807131
109 372 0.66479418601
109 399 0.4529780586
109 438 0.548559301355
109 457 0.487111256289
109 474 0.672805041303
199 222 0.507627531606
199 248 0.507607915114
199 262 0.384688265611
199 264 0.455480458419
199 285 0.430600450583
199 299 0.587413272464
199 320 0.455806967708
199 338 0.437196875579
199 348 0.515908905464
199 366 0.4953145917
199 372 0.476346018323
199 399 0.456047546598
199 438 0.456093380193
199 457 0.469610644092
199 474 0.4590720606
222 248 0.679406829851
222 262 0.44541385212
222 264 0.562702178857
222 285 0.522261838823
222 299 0.548156920389
222 320 0.506124901847
222 338 0.643922685677
222 348 0.631192191924
222 366 0.551857111901
222 372 0.63771668595
222 399 0.426657982466
222 438 0.52953768169
222 457 0.510461128355
222 474 0.636919022603
248 262 0.418800645218
248 264 0.563573434637
248 285 0.485600470448
248 299 0.588150785157
248 320 0.4991183964
248 338 0.590275884397
248 348 0.624589816758
248 366 0.51106902659
248 372 0.654494997998
248 399 0.435293734397
248 438 0.523827405
248 457 0.507828188616
248 474 0.621563377854
264 239 0.384651812464
264 262 0.42564590571
264 285 0.617820877004
264 299 0.531972900242
264 320 0.450517517223
264 338 0.536101032415
264 348 0.592441433431
264 363 0.386103537837
264 366 0.511770659875
264 372 0.547087566193
264 399 0.388453502386
264 438 0.674393927116
264 457 0.462035752245
264 474 0.532079537663
285 262 0.413757085139
285 299 0.486197045204
285 320 0.435498089921
285 338 0.506246871468
285 348 0.530601583615
285 366 0.462533059066
285 372 0.502669973809
285 438 0.595641172229
285 457 0.448714390722
285 474 0.486368237176
299 262 0.431289320699
299 320 0.473332789223
299 338 0.512738476803
299 348 0.573331592007
299 366 0.553783364697
299 372 0.529736461043
299 399 0.466848441391
299 438 0.531866266162
299 457 0.491053937573
299 474 0.514145784086
320 262 0.389914120807
320 338 0.493769530678
320 348 0.50108562573
320 366 0.458353740164
320 372 0.498032254604
320 399 0.505616512353
320 438 0.482083095322
320 457 0.453546649314
320 474 0.509289189277
338 262 0.460897551647
338 348 0.57760652464
338 366 0.521141288746
338 372 0.567843959992
338 438 0.494055433821
338 457 0.508296354696
338 474 0.616844452395
348 262 0.437364278189
348 366 0.543400538804
348 372 0.61641467113
348 399 0.4439909252
348 438 0.542053023377
348 457 0.535065952723
348 474 0.602171251407
366 104 0.384234845931
366 262 0.401476325428
366 372 0.525923889822
366 399 0.433646815038
366 438 0.500889723355
366 457 0.471439066261
366 474 0.541809514481
372 262 0.451606580414
372 399 0.4273325672
372 438 0.543910667214
372 457 0.514059919656
372 474 0.649509308631
399 438 0.40049633725
399 474 0.452782133834
438 262 0.425671618075
438 363 0.390635713794
438 457 0.439663053415
438 474 0.525834625815
474 262 0.445438832264
474 457 0.495469757637
31 76 0.502873187933
31 282 0.487070654303
76 282 0.541987723652
32 40 0.392724780489
32 146 0.389355103909
32 152 0.397230976523
32 184 0.404023251257
32 225 0.414040818313
32 227 0.401998401313
32 333 0.390987756978
32 337 0.430551701008
32 376 0.407314287669
40 225 0.45158762556
40 227 0.418846116172
40 277 0.415284138873
40 337 0.387775093265
40 378 0.403696085154
40 471 0.405485266563
146 80 0.410343476557
146 121 0.41932903442
146 139 0.415306255714
146 152 0.411754142574
146 179 0.386260489317
146 227 0.417304709875
146 333 0.469309128902
146 337 0.406543353466
146 376 0.439467154238
146 409 0.385725479953
152 80 0.404897559437
152 121 0.424723283377
152 139 0.472222675763
152 179 0.446051622021
152 333 0.409076810111
152 337 0.39711356385
152 376 0.425728512015
184 225 0.420375512221
184 227 0.395598296801
184 376 0.389028573295
225 173 0.396695833877
225 191 0.385203082147
225 217 0.385137782421
225 227 0.445906456675
225 333 0.399046624004
225 376 0.410474076009
225 378 0.397192066007
225 397 0.451275856418
227 333 0.388572361492
227 337 0.400901195277
227 376 0.446298261426
333 80 0.419942536241
333 121 0.432454493568
333 139 0.413543163119
333 239 0.389445846552
333 337 0.459830539464
333 376 0.493600626877
337 139 0.412681828324
337 376 0.406739262238
376 80 0.446258325715
376 139 0.47316181272
376 397 0.393874586207
34 409 0.420856732402
35 41 0.488195153946
35 90 0.468146294028
35 96 0.514692438292
35 111 0.512602847068
35 112 0.474526469494
35 130 0.589848661181
35 155 0.527164685908
35 202 0.444691132297
35 210 0.464085150842
35 213 0.474663706412
35 272 0.524342859659
35 304 0.391537155544
35 309 0.523377301815
35 317 0.543673471996
35 327 0.423769488262
35 347 0.494506392117
35 365 0.402037451709
35 384 0.41457561312
41 90 0.498734147107
41 91 0.394905710852
41 96 0.470430728277
41 111 0.477876112565
41 112 0.432075781921
41 130 0.49386869026
41 155 0.523985246837
41 202 0.412369792911
41 210 0.409365515041
41 213 0.486170531902
41 272 0.492553887399
41 304 0.401528268422
41 309 0.460111686896
41 317 0.51319399195
41 327 0.41169075471
41 347 0.476952471153
41 384 0.405172838726
90 96 0.500547125931
90 111 0.483040224822
90 112 0.428083705038
90 130 0.514192416782
90 155 0.488658110999
90 156 0.408348602265
90 202 0.42235398926
90 210 0.398314662364
90 213 0.432217952199
90 272 0.466166905127
90 309 0.5272647474
90 317 0.413183742061
90 327 0.389142956917
90 347 0.433382352043
90 365 0.494594179577
96 111 0.56562622437
96 112 0.496342276901
96 130 0.560527648298
96 155 0.546493404728
96 202 0.415175656262
96 210 0.42425231814
96 213 0.459383570589
96 272 0.506448982022
96 309 0.540355230508
96 317 0.484702043142
96 327 0.422332870842
96 347 0.535777840095
96 384 0.388780958134
111 112 0.467537573109
111 130 0.567580364092
111 155 0.602520569414
111 202 0.457881676897
111 210 0.425166514301
111 213 0.474402507509
111 272 0.493518369715
111 309 0.550672587175
111 317 0.490448981945
111 327 0.403265039642
111 347 0.552299479872
111 384 0.410526831831
112 91 0.467251275468
112 130 0.544540077917
112 155 0.533442212851
112 169 0.401632933368
112 202 0.440169838668
112 210 0.449902040176
112 213 0.481515365879
112 272 0.570728687756
112 304 0.417700863374
112 309 0.485760957141
112 317 0.469281777823
112 327 0.441777312033
112 347 0.441595777216
112 384 0.40161994471
130 91 0.411153921724
130 155 0.568886422572
130 202 0.494506392117
130 210 0.50691394768
130 213 0.535712537171
130 272 0.595849593348
130 304 0.441480417815
130 309 0.579073678718
130 317 0.542491877804
130 327 0.424410631716
130 329 0.401763265306
130 347 0.526106122449
130 365 0.427885714286
130 384 0.43173877551
130 410 0.413492465238
155 91 0.39216390504
155 202 0.467088938226
155 210 0.472117017109
155 213 0.493143528797
155 272 0.538775512789
155 304 0.414849157634
155 309 0.536763745592
155 317 0.503053063638
155 327 0.425010203305
155 347 0.548969030747
155 384 0.409351379199
155 410 0.39241167719
202 91 0.387070443281
202 210 0.457816377171
202 213 0.438095859997
202 272 0.443820410293
202 304 0.461277262635
202 309 0.469439728353
202 317 0.443624491924
202 327 0.410839931489
202 347 0.464075229525
202 384 0.52088877342
202 410 0.410043754548
210 91 0.384393110818
210 213 0.447433720778
210 272 0.486138777843
210 304 0.496212615907
210 309 0.442993339428
210 317 0.419200002011
210 327 0.400326504012
210 384 0.435146034186
210 410 0.408476458783
213 272 0.517224492278
213 304 0.390688259109
213 309 0.464672848374
213 317 0.490122451331
213 327 0.436437841867
213 347 0.421693631838
213 384 0.400535484457
272 91 0.404937224814
272 304 0.414563267295
272 309 0.525453063746
272 317 0.498203905689
272 327 0.444252152536
272 347 0.453671200766
272 384 0.390582396341
304 309 0.408841582865
304 317 0.39033469575
304 384 0.446182228344
304 410 0.39861555626
309 91 0.399412292927
309 317 0.486857145193
309 327 0.411427638615
309 347 0.54008783308
309 365 0.436582698514
309 384 0.447553589749
309 410 0.387840397875
317 327 0.391157407955
317 347 0.46059398883
317 365 0.38620667181
317 384 0.423563603623
347 91 0.388297525186
347 384 0.40587755102
365 72 0.420586845325
365 156 0.457585058691
384 410 0.456464595401
36 43 0.405093461812
36 289 0.475854638064
36 391 0.407483592908
36 411 0.471087602442
36 469 0.393796424834
43 73 0.410840818298
43 252 0.548844194854
43 259 0.683296330155
43 289 0.481234185029
43 290 0.428536446062
43 362 0.384876583518
43 391 0.423900089845
43 411 0.422920577968
43 469 0.390949458012
289 69 0.389551873368
289 252 0.435262427615
289 259 0.467129214004
289 362 0.436437841867
289 391 0.459725079179
289 411 0.467365396546
289 469 0.434674720489
391 69 0.428667047645
391 259 0.428144641311
391 362 0.531058689157
391 411 0.407810102197
411 252 0.41162354099
411 259 0.413321361577
37 73 0.422987757132
37 405 0.399503722084
73 259 0.403526532548
73 405 0.544391839347
405 369 0.392255452527
38 433 0.404309852311
39 46 0.451732976886
39 275 0.47495592006
39 464 0.406647946406
46 275 0.500693820979
277 185 0.54330504359
378 217 0.406530079231
91 169 0.470002448842
91 329 0.385685365581
42 52 0.472213152475
42 159 0.42676157536
42 160 0.424958778039
42 292 0.42952998272
42 426 0.486122902368
52 159 0.542070721912
52 160 0.534062525579
52 292 0.442706717878
52 426 0.599405753094
159 160 0.520088156138
159 292 0.435850134741
159 426 0.567864955758
160 292 0.420073135693
160 426 0.581797404371
292 426 0.470394253593
252 259 0.581232858822
259 290 0.426316219141
48 415 0.388060678857
48 445 0.503437352618
50 335 0.474091487903
335 177 0.409442648643
262 457 0.394578287268
59 401 0.412929556826
401 235 0.384719614777
65 183 0.414462099034
183 195 0.45902604696
66 172 0.426185617557
66 370 0.413256060785
66 390 0.385268381873
66 392 0.569142859874
66 449 0.515599236574
172 193 0.518221005621
172 250 0.644939023841
172 270 0.552869153612
172 368 0.505109870376
172 370 0.66111600875
172 390 0.548885805314
172 449 0.395938092028
370 193 0.516980148771
370 250 0.62371210777
370 270 0.50108562573
370 368 0.518496751233
370 390 0.524724512355
370 449 0.387644485285
390 193 0.60712828361
390 250 0.537456740772
390 270 0.613948021418
390 368 0.398693984218
392 449 0.51956830601
70 166 0.38464050174
166 173 0.434152314155
166 434 0.425989715182
72 156 0.451204184805
74 194 0.474106968188
74 247 0.428053678127
194 110 0.418770206294
194 212 0.396747914864
194 241 0.452973732442
194 247 0.622281721745
194 254 0.401423627198
194 280 0.445659804952
194 295 0.390961485138
247 110 0.412944098115
247 212 0.384784915568
247 241 0.421483960549
247 280 0.423769488262
79 322 0.498824604937
79 380 0.593551546892
322 380 0.562794873963
80 121 0.404375153103
80 139 0.395977536894
121 139 0.395233042253
121 331 0.478236735714
139 179 0.399190257176
82 453 0.3865869984
453 423 0.412525305516
453 424 0.40640052688
87 300 0.470972376412
104 228 0.470987757362
104 303 0.406126014823
329 251 0.393782553087
329 463 0.437340821757
470 163 0.398929049744
94 103 0.468802037668
94 249 0.432298299117
103 108 0.446976622698
103 249 0.526511688651
103 354 0.403265039642
249 108 0.477993992425
249 354 0.400848910346
108 354 0.396016651755
228 303 0.448859648229
106 339 0.476293104464
339 140 0.448577073701
110 280 0.41747620642
280 254 0.411297037031
120 319 0.472620410431
120 431 0.397126532518
319 431 0.532323364242
431 246 0.439663053415
431 434 0.387619171999
123 261 0.588081635475
123 360 0.58238098472
261 360 0.526336414087
131 158 0.409363980671
133 134 0.881614393822
136 137 0.55857385399
136 188 0.400222019068
136 253 0.384915517152
136 408 0.475030609809
137 188 0.39251665143
137 253 0.401175414305
137 408 0.439376377497
188 182 0.43039049236
188 253 0.461709248286
188 256 0.440250750947
188 271 0.455701575442
188 318 0.460940689172
188 379 0.445344129555
188 408 0.434087013363
188 419 0.394214444299
253 182 0.407966696651
253 256 0.400848910346
253 271 0.562706108989
253 318 0.539345654307
253 408 0.412511835962
253 416 0.386716519109
408 271 0.38808894113
408 318 0.403186834931
179 180 0.40360591821
142 356 0.58395115266
145 268 0.407692810248
173 434 0.556810761395
434 240 0.387619171999
168 359 0.58769753167
193 250 0.492741318167
193 270 0.598964884971
193 368 0.408829678033
250 270 0.534517677297
250 368 0.43253923595
270 368 0.385111419527
368 209 0.396864804623
174 177 0.422437718353
180 239 0.576921201635
180 363 0.418303875901
180 435 0.397779071321
239 363 0.472340151636
182 256 0.391994253624
182 271 0.399738796886
182 318 0.410004408439
182 379 0.387031474468
182 416 0.39222857331
256 271 0.391380295538
271 318 0.52301965678
318 379 0.387409596729
379 416 0.494759186047
191 257 0.396734960464
191 266 0.477602194071
191 321 0.482173174873
191 367 0.443776936137
257 266 0.429777161105
266 321 0.537547342301
266 367 0.519655217448
321 223 0.405641896304
321 367 0.559618649602
254 295 0.406752543304
208 437 0.483022071307
209 442 0.562531654176
211 334 0.412921366156
231 332 0.486719451538
231 460 0.537099948718
332 460 0.493884830543
232 328 0.586529518946
251 463 0.41832519854
258 364 0.43652866658
273 345 0.432454493568
273 440 0.489894537761
345 440 0.473021729611
274 465 0.4790792589
276 450 0.669518088024
278 336 0.406556092464
287 466 0.394592918371
298 396 0.479617325441
302 341 0.430796356386
311 312 0.750945353265
361 439 0.42094952024
369 381 0.401632519848
373 454 0.579535065953
423 424 0.878043210673
429 430 0.78202093356
