2 325 0.531659506729
325 43 0.541170123055
325 151 0.539037807812
325 411 0.523263200083
3 51 0.552604470111
3 326 0.562228900638
51 196 0.550029982607
51 326 0.741414541415
326 196 0.550400954922
6 56 0.535925626716
6 62 0.566203042651
6 186 0.601091417736
6 236 0.648106088473
56 30 0.592085456598
56 55 0.659749861174
56 58 0.681807016149
56 62 0.574446494025
56 88 0.632201206443
56 100 0.690858315215
56 101 0.652931184538
56 109 0.676740007431
56 132 0.525954883219
56 144 0.529712954392
56 175 0.654231950284
56 186 0.577952252826
56 199 0.615080200573
56 222 0.687494113181
56 236 0.548813373708
56 244 0.673778853549
56 248 0.65526197615
56 262 0.5460908023
56 264 0.634719628633
56 267 0.520384906705
56 269 0.615455143823
56 299 0.651720884543
56 320 0.613725480397
56 338 0.671887301883
56 348 0.683371858845
56 353 0.616825186975
56 357 0.638946627077
56 366 0.633856189187
56 372 0.660715588943
56 399 0.706487786576
56 402 0.676036235313
56 417 0.604362121095
56 428 0.655801426677
56 438 0.629430834557
56 457 0.585945592711
56 474 0.670021873474
62 30 0.595722203519
62 55 0.554598580132
62 88 0.580605864677
62 100 0.533899371226
62 101 0.540774176024
62 109 0.53857059551
62 186 0.681894129788
62 222 0.553503965753
62 236 0.673614710186
62 244 0.574066660241
62 264 0.554789363263
62 269 0.539935832019
62 299 0.5471792128
62 348 0.570518436738
62 353 0.596207155733
62 357 0.560604159507
62 366 0.576429770713
62 402 0.562709885714
62 407 0.621985360746
62 417 0.605708538442
62 428 0.542226438725
62 438 0.541752127729
62 457 0.567871809862
62 474 0.562856525646
186 30 0.637153413959
186 55 0.59527282256
186 58 0.523122341238
186 88 0.63068175216
186 100 0.582569594593
186 101 0.574603516672
186 109 0.583364566468
186 175 0.523252348209
186 222 0.574883031873
186 236 0.734833938519
186 244 0.585717361891
186 248 0.545535125016
186 264 0.600442686269
186 269 0.528090223367
186 299 0.608405791097
186 348 0.586409555637
186 353 0.598398246367
186 357 0.60162661251
186 366 0.632355035961
186 399 0.597273302001
186 402 0.61069824725
186 407 0.642431131864
186 417 0.554377017485
186 428 0.553741040215
186 438 0.562564002912
186 457 0.54455807759
186 474 0.546672847517
236 30 0.650750360216
236 55 0.549780968349
236 88 0.561829821305
236 100 0.529234967745
236 199 0.538921867638
236 244 0.539426577642
236 264 0.56896613201
236 299 0.611461587992
236 348 0.520711895028
236 353 0.616376215273
236 357 0.551602533676
236 366 0.620468402613
236 399 0.577585182212
236 402 0.543810739585
236 407 0.624804377875
236 417 0.525579470421
236 438 0.520189542643
7 93 0.557605168796
7 353 0.543333925189
7 417 0.540796646049
7 438 0.54502787121
93 19 0.608458003731
93 39 0.530091707239
93 46 0.516533058131
93 97 0.554482726443
93 163 0.594756091223
93 206 0.531195051316
93 267 0.57964530959
93 355 0.585119083042
93 417 0.538268571109
93 421 0.760416526557
93 470 0.640981856001
353 26 0.549439268614
353 30 0.702543673903
353 40 0.529321743517
353 55 0.653931319449
353 58 0.621987481646
353 88 0.598835219165
353 100 0.597869660088
353 101 0.659162344525
353 109 0.674783018453
353 144 0.520840976323
353 175 0.62643080724
353 199 0.547909678174
353 222 0.655463640419
353 244 0.620169851734
353 248 0.632115705721
353 262 0.586748013901
353 264 0.756810260456
353 267 0.55414373259
353 269 0.640616367906
353 285 0.611776898666
353 299 0.640141310185
353 333 0.521893863952
353 338 0.620186846621
353 348 0.668545659565
353 357 0.767363154797
353 366 0.664275544131
353 372 0.628446385429
353 399 0.543134393721
353 402 0.657277449697
353 417 0.781970872389
353 428 0.657496961025
353 438 0.782666030959
353 474 0.602387422047
417 19 0.556762856373
417 26 0.563313719018
417 30 0.681641290971
417 46 0.579526822074
417 47 0.612356384294
417 55 0.691027757413
417 58 0.701484477185
417 75 0.582856256295
417 88 0.642213811956
417 97 0.569880622109
417 100 0.561648958053
417 101 0.708425386486
417 109 0.725388989486
417 144 0.529639859049
417 175 0.704221824991
417 199 0.562462852317
417 206 0.529627919473
417 222 0.699944260342
417 225 0.543078813783
417 244 0.664886304114
417 248 0.673771721233
417 262 0.599559522752
417 264 0.788179227967
417 267 0.664493564431
417 269 0.758614763521
417 285 0.587129558538
417 299 0.609028766659
417 320 0.519918499406
417 338 0.748269157332
417 348 0.720851143953
417 357 0.757673768747
417 366 0.670018915562
417 372 0.691584873135
417 402 0.728116836929
417 428 0.758725847762
417 438 0.80130426858
417 457 0.602669430732
417 474 0.679038267813
438 26 0.55158256726
438 30 0.724827535732
438 46 0.532774351831
438 47 0.548845201555
438 55 0.763634968514
438 58 0.731394348857
438 75 0.585157447379
438 88 0.69970223707
438 100 0.672839836941
438 101 0.751718658027
438 104 0.537475549088
438 109 0.763631229984
438 132 0.577009590748
438 144 0.578774186711
438 175 0.764614152321
438 199 0.657152836231
438 222 0.761009162976
438 244 0.722219113258
438 248 0.730528788768
438 262 0.625947527926
438 264 0.883276374307
438 267 0.645518830852
438 269 0.735408742764
438 285 0.651545988549
438 299 0.735982966697
438 320 0.533153852321
438 338 0.701867330233
438 348 0.761919212819
438 357 0.816056171776
438 363 0.54446913143
438 366 0.736501730523
438 372 0.764202975483
438 399 0.545431047837
438 402 0.786681027274
438 428 0.767659177184
438 457 0.603487976526
438 474 0.737254730715
8 340 0.583439586207
8 409 0.522655012973
8 413 0.572240679076
8 455 0.539322604759
340 413 0.584625627039
409 40 0.518608042872
409 116 0.558945135579
409 146 0.544549952959
409 184 0.53747834682
409 225 0.554518693171
409 376 0.565073496426
9 352 0.663866355044
352 350 0.524024217419
10 24 0.61177728647
10 128 0.613459493984
10 395 0.616162336998
10 432 0.521800812818
24 128 0.804170028227
24 395 0.708164624112
24 432 0.693719494159
128 395 0.738566974738
128 432 0.673748446603
395 432 0.604016113408
12 52 0.518074474391
12 66 0.524309984627
52 42 0.686518741404
52 159 0.777180507509
52 160 0.768019521918
52 292 0.656097972908
52 426 0.82683839404
66 172 0.551126284144
66 370 0.531070557263
66 392 0.750146358343
17 26 0.526889998451
26 30 0.559877215079
26 55 0.576457941546
26 58 0.604733130797
26 75 0.612790682954
26 88 0.559428442062
26 100 0.556691555286
26 101 0.535954245229
26 109 0.549619590976
26 132 0.667482545149
26 175 0.610838301346
26 199 0.517591707369
26 222 0.528084895935
26 244 0.578880693377
26 248 0.603164407784
26 264 0.559371786222
26 269 0.60052308894
26 299 0.53925183967
26 338 0.534393103871
26 348 0.566040438745
26 357 0.531549959354
26 366 0.56516918148
26 372 0.549100315272
26 402 0.617334440415
26 404 0.536677076272
26 428 0.61934728325
26 457 0.530760992449
26 474 0.574924252817
18 23 0.793396070824
18 25 0.822439767347
18 29 0.654409914965
18 84 0.677850753211
18 105 0.838628108042
18 113 0.805385998835
18 138 0.719292471563
18 141 0.811587494822
18 143 0.79434320226
18 153 0.765623155084
18 162 0.846664067171
18 164 0.607233309566
18 176 0.552314447517
18 313 0.714473059297
18 316 0.75975340417
18 346 0.862641547047
18 351 0.690376154306
18 358 0.66270516821
18 387 0.671200823557
18 394 0.639728956528
18 456 0.84326690784
18 467 0.844941780252
23 25 0.73257396851
23 29 0.659037525119
23 84 0.659113961152
23 105 0.795408817419
23 113 0.770044965946
23 138 0.67277465219
23 141 0.788091293446
23 143 0.732247357511
23 153 0.706221844748
23 162 0.766818444218
23 164 0.637759007812
23 176 0.537223682965
23 313 0.596498740915
23 316 0.694065990063
23 346 0.797997369549
23 351 0.649193709433
23 358 0.638081247937
23 387 0.637626503784
23 394 0.587677392521
23 456 0.780318125955
23 467 0.786784721876
25 29 0.613378496833
25 84 0.605104805382
25 105 0.802029472039
25 113 0.807874742838
25 138 0.692509550764
25 141 0.787977064633
25 143 0.768387550867
25 153 0.734716565693
25 162 0.787698077551
25 164 0.591918321609
25 176 0.54250644137
25 313 0.666627219919
25 316 0.689166474244
25 346 0.798456228068
25 351 0.667210351804
25 358 0.65548138767
25 387 0.639662045663
25 394 0.664378448635
25 456 0.777419029509
25 467 0.833945418874
29 84 0.612580277754
29 105 0.656838866466
29 113 0.71823470878
29 138 0.602850212025
29 141 0.651273717453
29 143 0.617010041706
29 153 0.624682817729
29 162 0.620381292113
29 164 0.526526416335
29 316 0.638392634574
29 346 0.670907943044
29 358 0.554674667845
29 387 0.588327661304
29 394 0.556755527618
29 456 0.695680897405
29 467 0.637032218992
84 105 0.676157601343
84 113 0.641870118311
84 138 0.568695950084
84 141 0.680286923502
84 143 0.623026388553
84 153 0.652974136643
84 162 0.605173192277
84 313 0.524256004181
84 316 0.619686210212
84 346 0.693317372431
84 351 0.591821817618
84 358 0.544527748607
84 387 0.651112410479
84 456 0.622116927869
84 467 0.650599721119
105 113 0.829121102701
105 138 0.70812302683
105 141 0.843883989798
105 143 0.804750279376
105 153 0.729277790078
105 162 0.821477290875
105 164 0.620326775325
105 176 0.564181998948
105 313 0.658567140908
105 316 0.728281493396
105 346 0.822797352663
105 351 0.694590560129
105 358 0.646435040548
105 387 0.626679895791
105 394 0.635345766994
105 456 0.791108891533
105 467 0.871481350405
113 138 0.732700051207
113 141 0.817460291117
113 143 0.822458350127
113 153 0.740850211565
113 162 0.831130804003
113 164 0.631211951156
113 176 0.551587152661
113 313 0.654556426383
113 316 0.697822082008
113 346 0.836162690925
113 351 0.687997972476
113 358 0.681598917559
113 387 0.641870068121
113 394 0.697446878472
113 456 0.837132675022
113 467 0.848253483301
138 141 0.701431937888
138 143 0.738825166998
138 153 0.63489747326
138 162 0.674038943636
138 164 0.547185778386
138 313 0.578726833221
138 316 0.632309283256
138 346 0.69789177894
138 351 0.547188548959
138 358 0.63042381944
138 387 0.590534891811
138 394 0.619181459481
138 456 0.749515314617
138 467 0.711384320972
141 143 0.769306340713
141 153 0.669508284366
141 162 0.810642477503
141 164 0.610004752235
141 176 0.564962991396
141 313 0.63022890427
141 316 0.729299151702
141 346 0.808514203339
141 351 0.697040882127
141 358 0.653838367311
141 387 0.644978759879
141 394 0.614694669495
141 456 0.770876313141
141 467 0.809672473538
143 153 0.743768720681
143 162 0.800961219559
143 164 0.601123345918
143 176 0.533941536486
143 313 0.638641781882
143 316 0.694095798931
143 346 0.78119341233
143 351 0.674200421051
143 358 0.656302714851
143 387 0.643713480986
143 394 0.689486782785
143 456 0.792722746433
143 467 0.815150738469
153 162 0.685978852406
153 164 0.610422229176
153 176 0.524227774302
153 313 0.566213840918
153 316 0.656534100318
153 346 0.738428964235
153 351 0.607881799149
153 358 0.650028831884
153 387 0.585579915134
153 394 0.557110297159
153 456 0.724024617954
153 467 0.737967715728
162 164 0.613863486237
162 176 0.529300462135
162 313 0.660097977295
162 316 0.71007546143
162 346 0.823914847994
162 351 0.676022750745
162 358 0.677874428895
162 387 0.659003159949
162 394 0.662446491769
162 456 0.798372482036
162 467 0.831563962683
164 176 0.573651772085
164 316 0.535986228874
164 346 0.591114203994
164 358 0.720613677172
164 456 0.563836756072
164 467 0.612714631189
176 346 0.550497948918
176 358 0.57744038958
176 456 0.531437129428
176 467 0.594266706582
313 316 0.54362187607
313 346 0.665571320065
313 351 0.539300660876
313 456 0.642458462918
313 467 0.661233343861
316 346 0.733924551389
316 351 0.621212109522
316 358 0.567648359786
316 387 0.638305931209
316 394 0.57377199525
316 456 0.711261166658
316 467 0.722155824368
346 351 0.701191646359
346 358 0.674934523085
346 387 0.660938000649
346 394 0.621859037685
346 456 0.822471226035
346 467 0.861697073571
351 358 0.555010940146
351 387 0.635115605288
351 394 0.522395398724
351 456 0.65004095325
351 467 0.704197188557
358 387 0.526582901619
358 456 0.671187371255
358 467 0.676730020899
387 149 0.678720490703
387 456 0.625597345046
387 467 0.663947482632
394 456 0.692193395545
394 467 0.661588196166
456 467 0.818698615447
19 97 0.535829588994
19 267 0.529388712973
19 355 0.637440998542
19 421 0.633260800552
97 267 0.544157602837
97 421 0.546278311134
267 47 0.551568774264
267 55 0.526048595813
267 58 0.583893198857
267 88 0.518258190785
267 101 0.551667215735
267 109 0.557151110079
267 175 0.575630786317
267 222 0.568787399495
267 244 0.544244342342
267 248 0.540573182181
267 262 0.554994027257
267 264 0.58341558895
267 269 0.597930904387
267 299 0.535163885842
267 338 0.581787402621
267 348 0.579881810374
267 357 0.575798437078
267 366 0.529538637118
267 372 0.558192253637
267 402 0.59983655921
267 421 0.578258633516
267 428 0.593120027131
267 474 0.551705539922
355 421 0.582777743759
421 470 0.569638261298
20 21 0.990664392852
20 43 0.533114439297
20 171 0.706179285579
20 291 0.602931435986
21 43 0.534394173655
21 171 0.705255943823
21 291 0.616280023306
43 36 0.577845996582
43 49 0.541674555493
43 69 0.548665903745
43 171 0.57388789174
43 252 0.782807440088
43 259 0.889762970547
43 278 0.567090490601
43 289 0.67481211441
43 290 0.665543589785
43 291 0.530440038465
43 362 0.548843158378
43 381 0.544142846483
43 391 0.544501469886
43 411 0.660947325827
43 469 0.529804369737
171 259 0.54564789
171 291 0.546394921022
171 307 0.517246016895
171 336 0.52753756599
171 381 0.522860506059
291 278 0.60819466194
291 381 0.526505275276
291 401 0.533064951293
30 55 0.665698894347
30 58 0.636391500915
30 75 0.52905403025
30 88 0.597483018512
30 100 0.596283710362
30 101 0.650071570334
30 109 0.631167040829
30 175 0.646917238639
30 199 0.596241188807
30 222 0.615072795469
30 244 0.618928124797
30 248 0.624970801653
30 262 0.540517970475
30 264 0.718814802154
30 269 0.6007166404
30 299 0.649719443185
30 338 0.586349382307
30 348 0.63512146638
30 357 0.665220885146
30 366 0.688456602371
30 372 0.635057433874
30 399 0.558087033187
30 402 0.677152170759
30 407 0.520449592592
30 428 0.63101489367
30 457 0.531091904739
30 474 0.664360359766
55 58 0.793771452014
55 75 0.653021990581
55 88 0.760347700014
55 100 0.820298883331
55 101 0.813636400746
55 104 0.519093990645
55 109 0.821686148952
55 132 0.653169417815
55 144 0.607533295487
55 175 0.795672013086
55 199 0.751713206751
55 222 0.815795938192
55 244 0.902559333667
55 248 0.821699728206
55 262 0.631950159788
55 264 0.817084132026
55 269 0.757516042559
55 285 0.591040166365
55 299 0.842425283938
55 320 0.571085597276
55 338 0.775552198695
55 348 0.836931712141
55 357 0.78162664902
55 366 0.773591878897
55 372 0.808667677158
55 399 0.620995387015
55 402 0.8653083693
55 428 0.812006639935
55 457 0.729682857654
55 474 0.768338235337
58 47 0.522591513831
58 75 0.628743245698
58 88 0.70448587073
58 100 0.735754537699
58 101 0.806926777491
58 104 0.558536965248
58 109 0.821562255897
58 132 0.593426250655
58 144 0.592327482024
58 175 0.836861999193
58 199 0.684187217295
58 222 0.808736926341
58 244 0.797588789817
58 248 0.784788367728
58 262 0.568936698133
58 264 0.746729937082
58 269 0.792643189401
58 285 0.566954441515
58 299 0.727656409625
58 320 0.518105324215
58 338 0.794412835985
58 348 0.827456015216
58 357 0.722750492911
58 366 0.717863554231
58 372 0.815860023695
58 399 0.571071690332
58 402 0.863374319373
58 428 0.82647041593
58 457 0.718603078599
58 474 0.805593074225
75 88 0.588947775299
75 100 0.567062786311
75 101 0.554832914002
75 109 0.598012539724
75 132 0.739313553238
75 144 0.592554407324
75 175 0.67813678718
75 199 0.545961725993
75 244 0.637007475876
75 248 0.589072389866
75 264 0.618277336273
75 269 0.626089066211
75 299 0.611507379459
75 338 0.586762613715
75 348 0.623976341409
75 357 0.604398323452
75 366 0.605632275315
75 372 0.586087085089
75 402 0.666873104047
75 404 0.658183367893
75 428 0.630103412299
75 457 0.537226276772
75 474 0.57519895189
88 100 0.686465106829
88 101 0.732547913117
88 104 0.59937327185
88 109 0.770216550692
88 132 0.58714694952
88 144 0.795568840625
88 175 0.725281150968
88 199 0.670985552801
88 222 0.740259226567
88 244 0.72805587446
88 248 0.715270855202
88 262 0.554994738701
88 264 0.737823116064
88 269 0.702512705139
88 285 0.608827030118
88 299 0.733301560914
88 320 0.616998682938
88 338 0.731743423995
88 348 0.739374127847
88 357 0.725372030154
88 366 0.794822247122
88 372 0.721098721833
88 399 0.60261374078
88 402 0.761753028827
88 428 0.696692939787
88 457 0.652875452166
88 474 0.736917171771
100 101 0.684124577738
100 109 0.699922192577
100 132 0.588566527733
100 144 0.550047726271
100 175 0.721075026089
100 199 0.748448634374
100 222 0.744463282224
100 244 0.835319446666
100 248 0.723657800231
100 262 0.567607897712
100 264 0.680177280444
100 269 0.674613175439
100 285 0.55585051012
100 299 0.772765288827
100 320 0.629910380003
100 338 0.678052568594
100 348 0.736894524572
100 357 0.700145067894
100 366 0.700607084452
100 372 0.721178843498
100 399 0.640559304351
100 402 0.763116791434
100 428 0.710072961238
100 457 0.679411526824
100 474 0.6875419409
101 47 0.530768066471
101 104 0.535163307596
101 109 0.887291584252
101 132 0.556263332934
101 144 0.588708185423
101 175 0.838253012883
101 199 0.656719388214
101 222 0.839648367262
101 244 0.779524390298
101 248 0.84280227473
101 262 0.612202900211
101 264 0.793489887184
101 269 0.798688917891
101 285 0.612559401349
101 299 0.755718596032
101 320 0.599956070303
101 338 0.780495316159
101 348 0.826770859947
101 357 0.744907389941
101 366 0.748783544354
101 372 0.84128222037
101 399 0.60193224038
101 402 0.869159799126
101 428 0.817734548233
101 457 0.708065846156
101 474 0.811796542364
109 47 0.520122864135
109 104 0.554792416952
109 132 0.583287338639
109 144 0.661090124772
109 175 0.844972873369
109 199 0.671291904938
109 222 0.850940367679
109 244 0.797908848294
109 248 0.854365035134
109 262 0.613981750445
109 264 0.793433686147
109 269 0.801237270958
109 285 0.585269238753
109 299 0.775628166511
109 320 0.614659588058
109 338 0.822902523325
109 348 0.850163262881
109 357 0.71218895267
109 366 0.784382333822
109 372 0.858267196852
109 399 0.618032890785
109 402 0.873662410914
109 428 0.792557348596
109 457 0.696633204876
109 474 0.854074538357
132 144 0.527146143466
132 175 0.606833299048
132 199 0.52937821338
132 222 0.559690504867
132 244 0.629884162111
132 248 0.586835539678
132 264 0.566987567649
132 269 0.568812621301
132 299 0.57411194549
132 338 0.570789120725
132 348 0.580428690897
132 357 0.546517895795
132 366 0.589195704576
132 372 0.576665806903
132 402 0.631434057969
132 404 0.654731256577
132 428 0.593538628097
132 457 0.520461370256
132 474 0.585032633393
175 104 0.557231179121
175 144 0.661242921795
175 199 0.676994861392
175 222 0.804202221901
175 244 0.794393730997
175 248 0.829675203922
175 262 0.590673236568
175 264 0.790039107329
175 269 0.801277326282
175 285 0.608674022354
175 299 0.745494071536
175 320 0.568387215858
175 338 0.795102345284
175 348 0.839551694715
175 357 0.743913983772
175 366 0.748746504538
175 372 0.856256879852
175 399 0.591286895836
175 402 0.879875854379
175 428 0.807178261032
175 457 0.68399359594
175 474 0.843540742347
199 222 0.703349918276
199 244 0.784122998797
199 248 0.713119807908
199 262 0.549533424578
199 264 0.668285555536
199 269 0.616371726694
199 299 0.790290951892
199 320 0.588820863381
199 338 0.623739738093
199 348 0.734783285432
199 357 0.644067701016
199 366 0.706128550166
199 372 0.706804701694
199 399 0.623817261096
199 402 0.722900776193
199 428 0.663839038376
199 457 0.626842374017
199 474 0.643122069232
222 104 0.542075380269
222 144 0.594317020356
222 244 0.806394444523
222 248 0.859924117937
222 262 0.624127186008
222 264 0.782082780048
222 269 0.827720136078
222 285 0.604223519397
222 299 0.761070351693
222 320 0.581157605823
222 338 0.820673638241
222 348 0.840490663694
222 357 0.725697813676
222 366 0.759838682616
222 372 0.830888501927
222 399 0.56387211083
222 402 0.868152173382
222 428 0.800891217991
222 457 0.728177948853
222 474 0.819449409985
244 104 0.536412837204
244 144 0.615693894232
244 248 0.79074032929
244 262 0.627970027882
244 264 0.757314612344
244 269 0.771488575357
244 285 0.560760001051
244 299 0.828841332357
244 320 0.598176146444
244 338 0.757883049029
244 348 0.834460725796
244 357 0.731496507573
244 366 0.7416169955
244 372 0.802324439511
244 399 0.621453049553
244 402 0.835426255068
244 428 0.813275254436
244 457 0.737660486562
244 474 0.760389179842
248 47 0.548322708082
248 104 0.544087761151
248 144 0.612924348035
248 262 0.593868426929
248 264 0.778592131281
248 269 0.790603305692
248 285 0.564539359934
248 299 0.787142715756
248 320 0.558664124619
248 338 0.792110905906
248 348 0.836565793063
248 357 0.701823723001
248 366 0.736422098402
248 372 0.847851282108
248 399 0.587670332105
248 402 0.866183414543
248 428 0.76724885627
248 457 0.705761793079
248 474 0.815205152897
264 47 0.525421607102
264 144 0.616973157621
264 145 0.519392817218
264 262 0.626636723771
264 269 0.75924197869
264 285 0.681919260196
264 299 0.765205797766
264 320 0.5185349083
264 333 0.530824469463
264 338 0.760010185409
264 348 0.812254639127
264 357 0.864004821536
264 363 0.558301935407
264 366 0.7540898273
264 372 0.776457332442
264 399 0.547931770301
264 402 0.819994648378
264 428 0.801777447529
264 457 0.64655353992
264 474 0.745671526822
269 104 0.546970019986
269 144 0.587687005779
269 262 0.573738707141
269 285 0.574762645635
269 299 0.666529801399
269 320 0.577413910686
269 338 0.789068430718
269 348 0.838393178316
269 357 0.711001248547
269 366 0.690413500003
269 372 0.808530067078
269 399 0.539864074892
269 402 0.855005030773
269 428 0.855251405367
269 457 0.686084245306
269 474 0.776509737999
299 144 0.595245139989
299 262 0.617760822129
299 285 0.560452932215
299 338 0.716493024715
299 348 0.787213200997
299 357 0.72224914774
299 366 0.762507870244
299 372 0.742024440822
299 399 0.618028215573
299 402 0.791197490487
299 428 0.727393105816
299 457 0.68409825981
299 474 0.719568834266
338 47 0.521543166206
338 104 0.551152657494
338 144 0.559861729104
338 262 0.633331059866
338 285 0.600258997458
338 320 0.565533273173
338 348 0.783176318373
338 357 0.718380522508
338 366 0.714637660493
338 372 0.785133075267
338 399 0.562849785404
338 402 0.819563994243
338 428 0.776422806694
338 457 0.703934793286
338 474 0.812358385387
348 104 0.54033923089
348 144 0.621285956261
348 262 0.637957698343
348 285 0.626554029978
348 320 0.558548056198
348 357 0.767779761369
348 366 0.769104855941
348 372 0.834684147626
348 399 0.621789840947
348 402 0.889027113389
348 428 0.855675306506
348 457 0.730632798594
348 474 0.811311480736
357 144 0.609647398593
357 262 0.617443628107
357 285 0.723011545429
357 366 0.722392296398
357 372 0.714376291753
357 399 0.536386826752
357 402 0.753168214018
357 428 0.759594875869
357 457 0.628715015921
357 474 0.702362607957
366 104 0.561776737725
366 144 0.691648444596
366 262 0.604379242099
366 285 0.567542629157
366 320 0.58587532777
366 372 0.733990460107
366 399 0.617894134603
366 402 0.774294079949
366 428 0.725815583221
366 457 0.644485895389
366 474 0.745918885747
372 104 0.527961527297
372 144 0.624564283912
372 262 0.638343457003
372 285 0.583358600972
372 320 0.572749232166
372 399 0.587211236889
372 402 0.864369241695
372 428 0.790973012516
372 457 0.723272709395
372 474 0.84971959129
402 104 0.558124418885
402 144 0.636447293108
402 262 0.643628455297
402 285 0.604002686205
402 320 0.613332126449
402 363 0.519739188516
402 399 0.629907798475
402 428 0.853831037542
402 457 0.741485038343
402 474 0.843146691354
428 104 0.536948624225
428 144 0.579956198626
428 262 0.602072036554
428 285 0.595211554706
428 320 0.518200357546
428 399 0.567126817725
428 457 0.710473680325
428 474 0.749243158623
457 262 0.555740771679
457 285 0.524538026384
457 474 0.682155195715
474 104 0.538681594492
474 144 0.622564126506
474 262 0.612265534954
474 285 0.560269228113
474 320 0.577792372326
474 399 0.623134929763
28 118 0.644292034932
28 382 0.715780483892
118 382 0.660510117079
262 145 0.571359035932
399 320 0.635028554658
31 76 0.65416000027
31 282 0.68023428118
76 282 0.689816355618
32 184 0.563474172519
32 225 0.599129748572
32 227 0.520064621111
32 333 0.559450718787
32 337 0.566084399067
32 376 0.541259167397
184 40 0.536183889425
184 225 0.594189788886
184 227 0.569047148298
184 333 0.543719089914
184 378 0.524523334846
225 40 0.571415496081
225 148 0.54294849857
225 191 0.527612646081
225 217 0.553181361925
225 227 0.588628872507
225 277 0.545779573093
225 333 0.576885954746
225 337 0.526146243751
225 376 0.530006508311
225 378 0.542935336795
225 397 0.615146993693
227 40 0.603233643744
227 146 0.565330817642
227 191 0.530511860276
227 277 0.525639269706
227 333 0.529047726538
227 337 0.520375378517
227 376 0.517262982318
333 80 0.587668993119
333 121 0.564814133545
333 139 0.579127334163
333 146 0.602041326017
333 152 0.538014375209
333 239 0.516971726084
333 337 0.615722836639
333 376 0.647636525369
333 378 0.522010195047
337 139 0.544915358223
337 146 0.538752080873
337 376 0.540455003401
376 139 0.534305637224
376 146 0.551478309032
34 278 0.518349180316
278 198 0.522480232233
278 259 0.551041660051
278 336 0.623347636638
278 381 0.588004636861
278 448 0.810909630702
35 41 0.623676027676
35 90 0.590785396219
35 96 0.606392687524
35 111 0.589887733409
35 112 0.564147822944
35 130 0.748449377256
35 155 0.667073386344
35 202 0.578769897238
35 210 0.567996769033
35 213 0.614523522322
35 272 0.632575767302
35 309 0.629069514322
35 317 0.674551765935
35 327 0.533833744462
35 347 0.558119566336
35 384 0.566372259602
41 90 0.699756669343
41 96 0.641246507175
41 111 0.636339560761
41 112 0.543389742101
41 130 0.671180550953
41 155 0.698849722544
41 202 0.594515090484
41 210 0.518764289801
41 213 0.665520752173
41 272 0.622112399327
41 304 0.547732828835
41 309 0.630249810569
41 317 0.702849752292
41 327 0.526980688817
41 347 0.611114321077
41 384 0.597433414688
41 410 0.525451720645
90 96 0.659239959069
90 111 0.619024523928
90 112 0.567669923335
90 130 0.703685791937
90 155 0.675893731005
90 156 0.533822520569
90 202 0.62623072168
90 210 0.549749066349
90 213 0.632826031897
90 272 0.649927693495
90 304 0.549443980648
90 309 0.734176116494
90 317 0.546175581429
90 327 0.531512664962
90 347 0.604425870397
90 365 0.663227461714
90 384 0.564703843715
90 410 0.541047214928
96 111 0.755120118659
96 112 0.609613395588
96 130 0.744600438275
96 155 0.727099406973
96 202 0.565281901388
96 210 0.536486745739
96 213 0.619945475974
96 272 0.63197501786
96 309 0.69649486429
96 317 0.611624555201
96 327 0.54977411512
96 347 0.662222984786
96 384 0.538881369355
96 410 0.529443227109
111 112 0.565696280196
111 130 0.732957537293
111 155 0.785197831765
111 202 0.600678083748
111 213 0.595913140613
111 272 0.612683926653
111 309 0.696182803848
111 317 0.654522356906
111 327 0.5369236575
111 347 0.720667813275
111 384 0.527370452936
112 91 0.598037190032
112 130 0.697779009195
112 155 0.689402783034
112 169 0.586166800998
112 202 0.567457736738
112 210 0.577639393021
112 213 0.596107776301
112 272 0.691613868929
112 304 0.570633147012
112 309 0.603708579347
112 317 0.552851740468
112 327 0.594013104664
112 384 0.516704776353
130 91 0.527503447982
130 155 0.789130834562
130 202 0.672381464397
130 210 0.654972943232
130 213 0.728921483984
130 272 0.783337793024
130 304 0.619524293571
130 309 0.76294248101
130 317 0.694903999568
130 327 0.599081820399
130 329 0.553427267944
130 347 0.640531379461
130 365 0.55944234643
130 384 0.599430735113
130 410 0.578099530797
155 91 0.557707278432
155 202 0.654424882649
155 210 0.620867174703
155 213 0.683014370684
155 272 0.717406666314
155 304 0.559702926896
155 309 0.71253563495
155 317 0.691883413342
155 327 0.638502475398
155 329 0.525367189083
155 347 0.729168047724
155 365 0.519346633068
155 384 0.591512189059
155 410 0.557579880498
202 210 0.61162228311
202 213 0.608986680767
202 272 0.613865079843
202 304 0.628917407299
202 309 0.62577187794
202 317 0.599472155158
202 327 0.553149052725
202 347 0.56584996225
202 384 0.704436445419
202 410 0.578116740013
210 213 0.626470321507
210 272 0.64305886085
210 304 0.678820857481
210 309 0.596910843057
210 317 0.551173536896
210 384 0.596122990309
210 410 0.546459517399
213 272 0.6973818803
213 304 0.561310972534
213 309 0.638599184332
213 317 0.64274117914
213 327 0.600691930225
213 384 0.586843871522
272 91 0.538745361113
272 304 0.577397628124
272 309 0.697680823601
272 317 0.596669377923
272 327 0.61832740832
272 347 0.524028956658
272 384 0.564975809824
272 410 0.529434090396
309 304 0.553889871003
309 317 0.602076073997
309 327 0.540693250967
309 347 0.688949858532
309 365 0.62642736415
309 384 0.620106642163
309 410 0.530105983845
317 347 0.575429297645
317 384 0.591139470017
327 169 0.53956254801
347 365 0.535227078483
384 304 0.657342677452
384 410 0.626374042202
36 289 0.637696310757
36 411 0.630052778677
289 69 0.539293380329
289 252 0.592179613186
289 259 0.622891695397
289 362 0.594310595314
289 391 0.593310569378
289 411 0.679080801519
289 469 0.546898227463
411 69 0.559164088211
411 252 0.621602261961
411 259 0.592008272409
411 391 0.557897089974
38 95 0.559460267146
38 433 0.534530535198
95 433 0.5617842757
39 46 0.592869758734
39 275 0.596089750727
39 464 0.565210970532
46 275 0.669987202288
40 277 0.567468942483
40 378 0.517522453367
277 185 0.745403734919
378 217 0.585043366444
304 410 0.582637356605
42 159 0.649223803834
42 160 0.624325542773
42 292 0.615477618403
42 426 0.720119415608
159 160 0.724909199108
159 292 0.611063746553
159 426 0.784245908876
160 292 0.581570071986
160 426 0.809213412569
292 426 0.647916506917
49 259 0.554737664801
69 362 0.518929025433
69 391 0.592985640143
252 259 0.779259816062
252 290 0.568161937552
252 469 0.532033380774
259 290 0.634225541988
259 391 0.535687003828
290 458 0.53641677181
362 391 0.729898024464
381 336 0.536613266069
381 369 0.56144654781
381 448 0.532803953895
48 445 0.644890541712
50 335 0.638064343677
104 77 0.52664591895
104 144 0.528902780015
104 228 0.63057174599
104 303 0.521699903127
144 285 0.540716442905
65 183 0.586556483214
183 195 0.63428991023
172 193 0.563481396516
172 250 0.793903478779
172 270 0.664666487491
172 368 0.666097159019
172 370 0.856072571679
172 390 0.70577355946
370 193 0.577208688629
370 250 0.800520997744
370 270 0.615645029689
370 368 0.680038839045
370 390 0.666742820819
72 156 0.565363139859
72 365 0.562976546176
156 365 0.587933413619
73 405 0.612901545563
74 194 0.609987510672
74 247 0.52780600289
194 110 0.618281327428
194 241 0.630048760476
194 247 0.765719434384
194 280 0.52553420864
194 295 0.586052111866
247 110 0.567791798712
247 241 0.579485409374
77 228 0.578535416009
228 303 0.594525607432
79 322 0.656771817577
79 380 0.755739892962
322 380 0.684977738602
80 146 0.533931907105
80 152 0.531612963307
146 121 0.62706909502
146 139 0.535890394197
152 139 0.587027327602
152 179 0.538110253102
82 453 0.551665883513
453 423 0.550741904601
453 424 0.542369042916
87 300 0.61430902081
91 169 0.587599287573
163 470 0.654683470797
94 103 0.624568840098
94 249 0.55609001195
103 108 0.531829938583
103 249 0.675377603832
103 354 0.524880331286
249 108 0.590106818323
249 354 0.536269609031
106 339 0.617773289649
339 140 0.543813693023
110 241 0.520320175843
110 280 0.530083451619
120 319 0.597016809117
319 173 0.55025172749
319 246 0.533258732725
319 431 0.746762980108
121 276 0.51718228721
121 331 0.639177159672
276 450 0.823938591962
122 452 0.628181748572
123 261 0.758833794075
123 360 0.759221571538
261 360 0.693716547167
329 251 0.596352486111
329 463 0.607160300199
131 158 0.615881423896
133 134 0.985284299714
136 137 0.723250177211
136 408 0.598225548087
137 188 0.534007201056
137 408 0.543616337827
188 253 0.632784500417
188 256 0.539866335342
188 271 0.609077000957
188 318 0.596817456918
188 379 0.576928924033
188 416 0.5212808518
142 356 0.769132418074
168 359 0.81256970493
336 448 0.517741204888
193 250 0.529960442004
193 270 0.736998684677
193 390 0.676292710875
250 270 0.647618652583
250 368 0.554388148566
250 390 0.689097246291
270 390 0.749047086834
368 209 0.559442064046
368 442 0.535946865515
173 240 0.532962914999
173 431 0.558265414914
173 434 0.697160628879
431 246 0.61630402376
431 434 0.535803248717
174 177 0.542955683305
180 239 0.635911139636
239 363 0.630252507185
253 256 0.520539824594
253 271 0.780738767884
253 318 0.648793233546
271 318 0.680865403022
379 416 0.606065310956
191 257 0.52188913145
191 266 0.548165209713
191 321 0.553626993384
191 367 0.606956104186
257 266 0.572563417253
266 321 0.626213884844
266 367 0.622890422067
321 367 0.734008345701
208 437 0.618775297464
209 442 0.769279543764
231 332 0.638289997916
231 460 0.692502117942
332 460 0.66109128085
232 328 0.752513665797
251 463 0.556806806506
255 468 0.594002536771
258 364 0.544829866392
273 345 0.61830964228
273 440 0.670673541109
345 440 0.62861589657
274 465 0.60395667633
298 396 0.714800787178
311 312 0.94270758088
361 439 0.528454825067
373 454 0.800012753398
423 424 0.985083528819
429 430 0.969453484688
