2 325 0.604616829513
3 51 0.593379394554
3 196 0.555256155876
3 326 0.646007039782
51 196 0.561411638457
51 326 0.695600214624
196 326 0.562060701996
5 95 0.579261734882
95 38 0.611880459018
95 433 0.559658096863
6 30 0.564640545591
6 56 0.559843091778
6 62 0.628268846891
6 186 0.645109225635
6 236 0.664898589623
6 407 0.594357274286
30 55 0.615124353961
30 56 0.569956573707
30 58 0.604974112179
30 62 0.576446310251
30 75 0.560686371059
30 88 0.597375383218
30 100 0.551200139097
30 101 0.607897414877
30 109 0.580810885073
30 175 0.618485172242
30 186 0.624510178203
30 199 0.556365967271
30 222 0.580697747183
30 236 0.633765806677
30 248 0.617148980262
30 264 0.687397366808
30 269 0.582423202015
30 285 0.5956889978
30 299 0.588673093838
30 320 0.543023971888
30 338 0.5662476356
30 348 0.603238866397
30 353 0.637005619715
30 357 0.656204024666
30 366 0.639483093563
30 372 0.608922920195
30 399 0.55116549445
30 402 0.615924321552
30 417 0.662662927273
30 428 0.613584089821
30 438 0.678665556834
30 474 0.625837415059
56 55 0.630879054396
56 58 0.662559598351
56 62 0.579770809719
56 88 0.615089828462
56 100 0.666751766192
56 101 0.617955271628
56 109 0.663222432589
56 144 0.602209374253
56 175 0.610543114841
56 186 0.576010680836
56 199 0.618399267069
56 222 0.659897540727
56 244 0.648477670042
56 248 0.654238202226
56 264 0.606378212227
56 269 0.5934896554
56 285 0.57672661787
56 299 0.629834860501
56 320 0.710729181869
56 338 0.654290911394
56 348 0.67593608257
56 353 0.545427903426
56 357 0.605763646023
56 366 0.592974454816
56 372 0.645647730077
56 399 0.719853287693
56 402 0.652938773431
56 417 0.563486109838
56 428 0.642512028836
56 438 0.592203722596
56 457 0.616914166444
56 474 0.666284833582
62 88 0.553150151832
62 186 0.676086350643
62 236 0.66246151837
62 353 0.568580894229
62 366 0.574937055576
62 399 0.552806251952
62 407 0.654005333338
62 417 0.588887597318
62 457 0.563034690676
186 55 0.542942538467
186 88 0.621548209902
186 100 0.544571925457
186 101 0.542860936088
186 109 0.576074800472
186 144 0.561067375785
186 222 0.55255674394
186 236 0.705471001288
186 244 0.544106245056
186 248 0.544967264547
186 264 0.594236785553
186 285 0.545533792031
186 299 0.572255045831
186 348 0.572676740528
186 353 0.576153814835
186 357 0.604264112267
186 366 0.609997234595
186 399 0.567436680753
186 402 0.54879631143
186 407 0.675159045247
186 438 0.550599528308
186 457 0.548027269328
186 474 0.543812002802
236 88 0.575052765967
236 264 0.561387801488
236 299 0.569978938855
236 353 0.567080232247
236 357 0.543021932071
236 366 0.590376187763
236 399 0.560784684731
236 402 0.541005506424
236 407 0.610019743356
7 353 0.570007879247
353 55 0.553708691164
353 58 0.542820165846
353 97 0.564651893182
353 101 0.574887662704
353 109 0.592103485219
353 222 0.581883060773
353 248 0.564415527198
353 264 0.69171634794
353 267 0.554646905666
353 269 0.561184711041
353 285 0.692429138419
353 299 0.541678959547
353 338 0.549094102627
353 348 0.599116800846
353 357 0.718344752927
353 366 0.573585880927
353 372 0.560492631507
353 402 0.565374124452
353 417 0.719721697016
353 428 0.590781942151
353 438 0.701000188032
8 124 0.586264566346
8 286 0.574454781603
8 340 0.640309648786
8 413 0.655466710305
8 455 0.629074472582
124 413 0.547080122348
124 455 0.551956065
286 340 0.579861229274
286 413 0.553946336596
286 455 0.557569182306
340 413 0.622649488273
340 455 0.5891008107
413 455 0.587592223588
9 350 0.574697044438
9 352 0.716120626784
350 148 0.54875032527
350 352 0.567747391941
350 388 0.560811794241
10 24 0.639370982566
10 128 0.648821732395
10 395 0.646024348144
10 432 0.65879555836
24 128 0.803924989423
24 395 0.708131213924
24 432 0.761073173668
128 395 0.731639158152
128 432 0.711444218649
395 432 0.67576876659
11 181 0.607130100656
18 23 0.774346368219
18 25 0.818417609072
18 29 0.6717835225
18 84 0.668417568178
18 105 0.828606399432
18 113 0.783897229145
18 138 0.731522614384
18 141 0.802786808409
18 143 0.789307826024
18 149 0.699955135898
18 153 0.780936709752
18 162 0.831502349514
18 164 0.600730924938
18 176 0.577284013567
18 313 0.744629239791
18 316 0.740482192693
18 343 0.659380887063
18 346 0.848996399268
18 351 0.719330667838
18 358 0.652193966491
18 387 0.704809349199
18 394 0.669969062934
18 456 0.846335629513
18 467 0.828550147092
23 25 0.717797621792
23 29 0.635556503166
23 84 0.637497128374
23 105 0.773898681868
23 113 0.739394671327
23 138 0.683929387696
23 141 0.781642926181
23 143 0.732579207964
23 149 0.625129198969
23 153 0.717727207748
23 162 0.729170080028
23 164 0.625296383152
23 176 0.552307964041
23 313 0.62375199467
23 316 0.667545139335
23 343 0.602131067719
23 346 0.768238466817
23 351 0.645808722792
23 358 0.644346052662
23 387 0.639679730192
23 394 0.600026317052
23 456 0.753648991514
23 467 0.748271459666
25 29 0.623508259925
25 84 0.577326850822
25 105 0.791383880929
25 113 0.785464438399
25 138 0.698557721527
25 141 0.774771627798
25 143 0.765370761885
25 149 0.668466998463
25 153 0.716286066297
25 162 0.763349860196
25 164 0.567521489904
25 176 0.554683291213
25 313 0.694604983864
25 316 0.703512306074
25 343 0.604604378977
25 346 0.784788625575
25 351 0.681638955857
25 358 0.635810555119
25 387 0.641197675644
25 394 0.682488780953
25 456 0.76821823011
25 467 0.825555766667
29 84 0.607068270944
29 105 0.660344905244
29 113 0.701081202388
29 138 0.618528686456
29 141 0.665370242925
29 143 0.64271831064
29 153 0.633973919835
29 162 0.60288731055
29 176 0.545368289139
29 313 0.564643692566
29 316 0.639987081642
29 346 0.663428429028
29 358 0.554440454557
29 387 0.639377669889
29 394 0.552822268118
29 456 0.687474467704
29 467 0.617288690516
84 105 0.65541410081
84 113 0.608561785894
84 138 0.59203397478
84 141 0.670879948799
84 143 0.595592814032
84 153 0.627467648577
84 162 0.554820452131
84 313 0.55641242954
84 316 0.607942633629
84 346 0.653547047221
84 351 0.574861650688
84 358 0.543208531306
84 387 0.639329001388
84 456 0.588638269257
84 467 0.614159500558
105 113 0.813830509116
105 138 0.730927374158
105 141 0.833982857595
105 143 0.819080227772
105 149 0.667683141506
105 153 0.742192241985
105 162 0.800156090255
105 164 0.622152621495
105 176 0.60036469827
105 313 0.686464717035
105 316 0.707201171938
105 343 0.654725182954
105 346 0.795694064678
105 351 0.690757120011
105 358 0.641199834626
105 387 0.679575189046
105 394 0.687362096822
105 456 0.771204259125
105 467 0.847202761166
113 138 0.734305001311
113 141 0.789003045487
113 143 0.821973440708
113 149 0.649139066387
113 153 0.739428918495
113 162 0.804432041867
113 164 0.614462551787
113 176 0.569192518108
113 313 0.668853289611
113 316 0.653463508201
113 343 0.63862160906
113 346 0.817969540432
113 351 0.67666397141
113 358 0.675241392821
113 387 0.662198224792
113 394 0.693695281416
113 456 0.816896422047
113 467 0.824227347344
138 141 0.719159568101
138 143 0.746622803067
138 149 0.605167294193
138 153 0.649356335363
138 162 0.681926743528
138 164 0.577562026393
138 313 0.632691527379
138 316 0.63723248936
138 343 0.580524231125
138 346 0.731908579579
138 351 0.652082633459
138 358 0.629816867526
138 387 0.683311019311
138 394 0.647981556986
138 456 0.725898250026
138 467 0.706976877751
141 143 0.776912905225
141 149 0.632622667205
141 153 0.685750723215
141 162 0.803365062731
141 164 0.618401477191
141 176 0.604300098611
141 313 0.659129656248
141 316 0.72458309354
141 343 0.5868755683
141 346 0.784225147338
141 351 0.721283229939
141 358 0.655558352871
141 387 0.6734491893
141 394 0.634543805258
141 456 0.771962163893
141 467 0.793438303588
143 149 0.658490037955
143 153 0.738164766582
143 162 0.787075057526
143 164 0.595845166452
143 176 0.564527600357
143 313 0.673794565842
143 316 0.662329863853
143 343 0.581271244546
143 346 0.780106080605
143 351 0.687476348464
143 358 0.65518504918
143 387 0.680148702453
143 394 0.741397795681
143 456 0.793894553117
143 467 0.828706057567
149 153 0.604555875323
149 162 0.660676662507
149 313 0.550508157745
149 316 0.59428885902
149 343 0.666655258881
149 346 0.677026769741
149 351 0.594960463095
149 358 0.547364760621
149 387 0.662559340142
149 456 0.678885845065
149 467 0.711676754709
153 162 0.68872014111
153 164 0.644941002091
153 176 0.541627189904
153 313 0.632010082907
153 316 0.638193176639
153 343 0.569814566444
153 346 0.737892408081
153 351 0.624121574192
153 358 0.66634724848
153 387 0.620329299436
153 394 0.604342243603
153 456 0.71612635733
153 467 0.73374653193
162 164 0.609674429729
162 313 0.683530779773
162 316 0.675808646253
162 343 0.624906697098
162 346 0.796471769276
162 351 0.672382109648
162 358 0.678251476523
162 387 0.658239330576
162 394 0.667608147018
162 456 0.78682314474
162 467 0.811971430135
164 176 0.566340159248
164 346 0.588460673043
164 358 0.709661456059
164 456 0.556823349294
164 467 0.60612072055
176 346 0.567803512573
176 358 0.559611927844
176 387 0.555333932718
176 467 0.630953563427
313 316 0.588088126481
313 343 0.568857492565
313 346 0.702004308208
313 351 0.605142915251
313 387 0.55364883853
313 456 0.682309753576
313 467 0.692892425572
316 346 0.720198779051
316 351 0.628450303261
316 358 0.578341594821
316 387 0.62634794044
316 394 0.59551880718
316 456 0.680563341057
316 467 0.688043494509
343 346 0.644318027822
343 351 0.556874228499
343 387 0.590837541921
343 456 0.628947413452
343 467 0.650793029516
346 351 0.708536600479
346 358 0.684025392959
346 387 0.677437449943
346 394 0.626121122136
346 456 0.809914858599
346 467 0.823970475027
351 358 0.574166840899
351 387 0.618735515281
351 394 0.573215627082
351 456 0.667340645215
351 467 0.699782680828
358 387 0.607387056955
358 456 0.673501901168
358 467 0.672579192854
387 456 0.652553533974
387 467 0.695668849493
394 456 0.698013765061
394 467 0.686285424114
456 467 0.792526235005
19 93 0.633421999416
19 97 0.652324318031
19 206 0.595458439839
19 267 0.587186790824
19 355 0.642876305701
19 417 0.605905736606
19 421 0.595587465905
93 97 0.637142798699
93 267 0.5543966771
93 421 0.708191260536
93 470 0.559247919947
97 46 0.541551867651
97 206 0.556403228167
97 267 0.635946553129
97 275 0.543677756018
97 417 0.650672557805
97 421 0.621014553185
206 417 0.572963508657
267 47 0.572449488373
267 58 0.595538904481
267 101 0.560194043382
267 109 0.553948340214
267 175 0.567372496822
267 222 0.595467356282
267 248 0.55233819452
267 262 0.553411077927
267 264 0.55427051321
267 269 0.615640217415
267 285 0.557155908722
267 338 0.587263164266
267 348 0.579198485675
267 357 0.566420139472
267 372 0.54637121995
267 402 0.606153227655
267 417 0.642656845444
267 421 0.543637517299
267 428 0.582049950634
267 438 0.607181112726
267 474 0.551838284109
417 27 0.565611498736
417 46 0.566080286815
417 47 0.650848916437
417 55 0.597820400156
417 58 0.646034031025
417 75 0.585326909831
417 88 0.549680719619
417 101 0.62565631672
417 109 0.642376077003
417 175 0.634561617482
417 222 0.657410208498
417 244 0.566771552753
417 248 0.611385018379
417 262 0.566728118627
417 264 0.72151465527
417 269 0.699152106497
417 285 0.666937831096
417 320 0.562483404619
417 338 0.678149588533
417 348 0.647864275673
417 357 0.714118334534
417 366 0.582428151588
417 372 0.641173091052
417 402 0.651443566766
417 428 0.69348050181
417 438 0.725410862218
417 457 0.570287792863
417 474 0.612711107999
20 21 0.9840755211
20 171 0.67171074267
21 171 0.669244301222
21 448 0.544673308362
448 278 0.794367854887
22 344 0.55584857387
26 55 0.558844916161
26 75 0.640459836039
26 88 0.542725795973
26 100 0.544400308089
26 132 0.670078249527
26 144 0.546199770822
26 175 0.543815329229
26 244 0.545182010237
26 269 0.5433393493
26 402 0.560917563423
26 404 0.610676861293
26 428 0.554730085626
55 58 0.746387114832
55 75 0.678801298761
55 88 0.708190965173
55 100 0.789941767028
55 101 0.775048753649
55 109 0.760095322091
55 132 0.633683677611
55 144 0.61467103704
55 175 0.746370005963
55 199 0.721573113445
55 222 0.774815937922
55 244 0.862421413956
55 248 0.774893676195
55 262 0.623987226286
55 264 0.770947690077
55 269 0.708331653306
55 285 0.696249347986
55 299 0.822467166658
55 320 0.675734564644
55 338 0.729317895669
55 348 0.791028821042
55 357 0.765677917849
55 366 0.719051397301
55 372 0.778215014805
55 399 0.596015598048
55 402 0.798303855625
55 428 0.788197467818
55 438 0.718407501462
55 457 0.719453479452
55 474 0.732762208522
75 58 0.655402190651
75 88 0.603208420678
75 100 0.586150583283
75 101 0.610317559441
75 109 0.624102374275
75 132 0.776145218751
75 144 0.616150873925
75 175 0.64763611996
75 199 0.584265198812
75 222 0.628013033502
75 244 0.65483633168
75 248 0.638822337957
75 262 0.54656561883
75 264 0.655054849824
75 269 0.655216790215
75 285 0.60694034081
75 299 0.648283610139
75 320 0.56072817877
75 338 0.600236655332
75 348 0.639341873044
75 357 0.624566037016
75 366 0.644538442868
75 372 0.632263937239
75 402 0.680813500996
75 404 0.730837571589
75 428 0.675133613848
75 438 0.629847055031
75 457 0.592494031073
75 474 0.60100396401
88 58 0.673566153309
88 100 0.663426590743
88 101 0.680112386402
88 104 0.577164282468
88 109 0.746021730656
88 132 0.547146509601
88 144 0.769336843523
88 175 0.659109205355
88 199 0.682778528026
88 222 0.701535474378
88 244 0.661398760013
88 248 0.694987238022
88 262 0.550924227702
88 264 0.690425679639
88 269 0.646712482694
88 285 0.649245532179
88 299 0.728056681747
88 320 0.688940700352
88 338 0.687394722663
88 348 0.692655962623
88 357 0.700676422684
88 366 0.742842891552
88 372 0.675520616893
88 399 0.592837547275
88 402 0.721068429602
88 428 0.657866139705
88 438 0.665280424023
88 457 0.652529273263
88 474 0.720977309123
100 58 0.689844696552
100 101 0.627485867117
100 109 0.652616328527
100 132 0.563843120039
100 144 0.577382823241
100 175 0.662800605164
100 199 0.750195850198
100 222 0.706163595681
100 244 0.788605894722
100 248 0.686454612685
100 264 0.618827620946
100 269 0.635591840203
100 285 0.639799081201
100 299 0.746787132955
100 320 0.691839080076
100 338 0.625986662599
100 348 0.690541996018
100 357 0.631801306153
100 366 0.654224040826
100 372 0.667858462084
100 399 0.639755495077
100 402 0.700133195811
100 428 0.672557028212
100 438 0.613764406272
100 457 0.637595677942
100 474 0.642082213616
132 58 0.59058927935
132 109 0.573852922567
132 175 0.561864016075
132 222 0.570174087732
132 244 0.597181450862
132 248 0.570864026196
132 264 0.556354166113
132 269 0.553069795179
132 299 0.570842334992
132 338 0.555419163251
132 348 0.551405045545
132 366 0.542392609958
132 372 0.572446456791
132 402 0.608933317179
132 404 0.71335086592
132 428 0.567115806054
132 438 0.55507756506
132 474 0.554567077485
144 58 0.629614011292
144 101 0.594430165035
144 104 0.563011433774
144 109 0.687084119668
144 175 0.663051709142
144 199 0.582913687283
144 222 0.668168061643
144 244 0.638963307236
144 248 0.65213575593
144 264 0.627061441768
144 269 0.611475133186
144 285 0.585092968573
144 299 0.643414185702
144 320 0.618620070433
144 338 0.577653024994
144 348 0.619400005429
144 357 0.628787828126
144 366 0.727221445859
144 372 0.636573877403
144 399 0.549107584524
144 402 0.653461693238
144 404 0.557816548966
144 428 0.61439349834
144 438 0.621160345113
144 457 0.564378670898
144 474 0.649787333223
175 58 0.829790230367
175 101 0.784486037851
175 109 0.791080370407
175 199 0.653786096545
175 222 0.802864109701
175 244 0.723040403033
175 248 0.788651370784
175 262 0.566985668554
175 264 0.737115250302
175 269 0.761150124856
175 285 0.693077657321
175 299 0.713276771707
175 320 0.644279477374
175 338 0.745037212475
175 348 0.790449246378
175 357 0.717464608335
175 366 0.713095567544
175 372 0.82336488857
175 399 0.559241435835
175 402 0.84518772491
175 404 0.58000053892
175 428 0.744593982742
175 438 0.728655250491
175 457 0.654047560229
175 474 0.799146854982
244 58 0.76562626924
244 101 0.724557530174
244 109 0.743608000085
244 199 0.741854347724
244 222 0.758325954312
244 248 0.753461233069
244 262 0.596790718558
244 264 0.699515326363
244 269 0.7173435909
244 285 0.656026478656
244 299 0.791098858887
244 320 0.661529359516
244 338 0.700624367201
244 348 0.778857518134
244 357 0.688824520131
244 366 0.678430193976
244 372 0.754896582753
244 399 0.615922628298
244 402 0.766217298255
244 428 0.780213605138
244 438 0.657922402275
244 457 0.708221296094
244 474 0.706763598772
269 47 0.54417222452
269 58 0.79352918546
269 101 0.750491616653
269 109 0.768417427399
269 199 0.616378787262
269 222 0.815855431972
269 248 0.771195874943
269 262 0.577691794523
269 264 0.722195440151
269 285 0.653743612378
269 299 0.638329994918
269 320 0.630408790132
269 338 0.755711874649
269 348 0.810698455307
269 357 0.675438334243
269 366 0.643252776665
269 372 0.804042712656
269 402 0.815597508225
269 428 0.824692451697
269 438 0.686785538392
269 457 0.660017371301
269 474 0.763386593924
402 47 0.563300327462
402 58 0.849295981861
402 101 0.825155588459
402 109 0.842768653844
402 199 0.701126833531
402 222 0.85364887015
402 248 0.851648347326
402 262 0.628898357929
402 264 0.779358673959
402 285 0.713261570494
402 299 0.766643169255
402 320 0.703402883456
402 338 0.806308341463
402 348 0.848835068628
402 357 0.740627129125
402 366 0.724864861994
402 372 0.852242137937
402 399 0.608920079848
402 404 0.57380847154
402 428 0.802036173731
402 438 0.75347071976
402 457 0.710532609739
402 474 0.817809205572
404 58 0.548285359295
404 109 0.547676095925
404 222 0.545560507391
404 248 0.56108805185
404 299 0.550684496642
404 366 0.565168561867
428 47 0.559179629762
428 58 0.791281210675
428 101 0.770051177757
428 109 0.737799408014
428 199 0.665211188848
428 222 0.773853954643
428 248 0.743640639954
428 262 0.575802694894
428 264 0.777843929901
428 285 0.703595285904
428 299 0.705723291693
428 320 0.628512495769
428 338 0.734536896135
428 348 0.820728438969
428 357 0.746146229861
428 366 0.701535588105
428 372 0.760030282042
428 399 0.57006654497
428 438 0.737694625866
428 457 0.716155131877
428 474 0.718553270784
28 118 0.596948850646
28 382 0.671325238265
118 382 0.614538079181
58 47 0.57919576228
58 101 0.772109982176
58 109 0.808998311056
58 199 0.690713248757
58 222 0.815183789595
58 248 0.801066826114
58 262 0.548839657414
58 264 0.693936147427
58 285 0.65666058841
58 299 0.713830414119
58 320 0.633815889603
58 338 0.78108762766
58 348 0.82242000974
58 357 0.701303084589
58 366 0.694211901359
58 372 0.81472701934
58 399 0.589131536655
58 438 0.694162593298
58 457 0.723080166884
58 474 0.796985509937
101 47 0.544508771706
101 109 0.848765549261
101 199 0.630344918469
101 222 0.803681472822
101 248 0.82307411803
101 262 0.590928741878
101 264 0.750078330214
101 285 0.703727692116
101 299 0.724021221633
101 320 0.673717533282
101 338 0.763920760634
101 348 0.775825559975
101 357 0.709355133485
101 366 0.685892595656
101 372 0.828008216836
101 399 0.595473458643
101 438 0.71951081832
101 457 0.666806444849
101 474 0.791503359889
109 199 0.651357153057
109 222 0.833257083582
109 248 0.830267160716
109 262 0.584706986849
109 264 0.7400468034
109 285 0.670503354873
109 299 0.755161187094
109 320 0.727535213678
109 338 0.787308809246
109 348 0.806511957425
109 357 0.702363594845
109 366 0.750497517233
109 372 0.849675534604
109 399 0.620844508399
109 438 0.728301752452
109 457 0.665543589837
109 474 0.846785541062
199 222 0.689344674792
199 248 0.691790695291
199 262 0.547170631505
199 264 0.632461922574
199 285 0.608185756551
199 299 0.769971639852
199 320 0.625538575435
199 338 0.602764885995
199 348 0.705691127909
199 357 0.637388388094
199 366 0.683076703999
199 372 0.653682804953
199 399 0.631358969176
199 438 0.632283207326
199 457 0.634984492296
199 474 0.631902940967
222 248 0.862053291519
222 262 0.615814734043
222 264 0.751200689616
222 285 0.71018390061
222 299 0.732688153492
222 320 0.683715231827
222 338 0.822293761114
222 348 0.816062742398
222 357 0.703088787771
222 366 0.730254071469
222 372 0.822797236531
222 399 0.588277848561
222 438 0.722789178969
222 457 0.692212267878
222 474 0.817341579707
248 47 0.578685165127
248 262 0.594200686552
248 264 0.754230669148
248 285 0.673805323624
248 299 0.77934339894
248 320 0.675586119704
248 338 0.784551703023
248 348 0.816376240008
248 357 0.690612803005
248 366 0.69371074514
248 372 0.840358553547
248 399 0.59982734859
248 438 0.715152144547
248 457 0.686807320813
248 474 0.799821330334
264 47 0.563106505861
264 239 0.550426643031
264 262 0.591164258026
264 285 0.804866640993
264 299 0.720724229173
264 320 0.616183009241
264 338 0.726414916254
264 348 0.790821138312
264 357 0.869110017668
264 363 0.550165855501
264 366 0.689025668703
264 372 0.739173389626
264 438 0.86052428216
264 457 0.639338332697
264 474 0.707847338622
285 47 0.575825402626
285 262 0.574270714883
285 299 0.670976842785
285 320 0.607743606427
285 338 0.690277778915
285 348 0.715148182219
285 357 0.790732236258
285 366 0.635346126053
285 372 0.681696995559
285 438 0.796058492044
285 457 0.62179984568
285 474 0.65895513317
299 262 0.605158105789
299 320 0.638937486711
299 338 0.698118421687
299 348 0.769365302401
299 357 0.707928488146
299 366 0.742800261278
299 372 0.713278562471
299 399 0.620427411233
299 438 0.711414549408
299 457 0.673896316623
299 474 0.697493650486
320 262 0.555184885887
320 338 0.669721890737
320 348 0.677926544481
320 357 0.599283237026
320 366 0.629766144282
320 372 0.682453848788
320 399 0.681585984602
320 438 0.642485701422
320 457 0.620852212727
320 474 0.693860603913
338 47 0.564940556916
338 262 0.628302603414
338 348 0.759661373773
338 357 0.710446444899
338 366 0.69123053676
338 372 0.757477108771
338 438 0.668617944815
338 457 0.683417158613
338 474 0.795417085337
348 47 0.554581238874
348 262 0.611569350683
348 357 0.76369681416
348 366 0.730045176798
348 372 0.805481677609
348 399 0.606088976577
348 438 0.733301758687
348 457 0.72105373302
348 474 0.78539732629
357 262 0.608116294622
357 366 0.680243505085
357 372 0.708696139636
357 399 0.550104174925
357 438 0.796956403386
357 457 0.631792154907
357 474 0.681091221571
366 262 0.557799264458
366 372 0.70120838858
366 399 0.593807211153
366 438 0.674952652772
366 457 0.648463381106
366 474 0.717663543424
372 262 0.628688666791
372 399 0.59065626661
372 438 0.732866659738
372 457 0.696889782306
372 474 0.832490167126
399 438 0.549182896078
399 474 0.622303134631
438 47 0.603146149272
438 262 0.59538978862
438 363 0.550066617548
438 457 0.605795783369
438 474 0.706548285321
474 262 0.61608582372
474 457 0.667288194299
31 76 0.684895780064
31 282 0.660365112009
76 282 0.726899238589
32 40 0.560764181529
32 146 0.545132623612
32 152 0.548491346883
32 184 0.573547842465
32 225 0.583506909001
32 227 0.574896095521
32 333 0.554057461513
32 337 0.612706653549
32 376 0.569950501925
40 184 0.54759249028
40 225 0.634356277341
40 227 0.587440104196
40 277 0.579679604247
40 337 0.543922074535
40 378 0.573873097407
40 471 0.574101140248
146 80 0.571854874113
146 121 0.575028317861
146 139 0.574521148457
146 152 0.563380575334
146 179 0.548577704541
146 227 0.58706589196
146 333 0.633468705696
146 337 0.562627600092
146 376 0.603596834773
146 409 0.546457214518
152 80 0.557077183701
152 121 0.587051846036
152 139 0.649807532954
152 179 0.61983519677
152 333 0.563135898
152 337 0.560599483542
152 376 0.574644386868
184 225 0.583713822997
184 227 0.554544565882
184 376 0.541515955784
225 173 0.555845426895
225 227 0.614717184275
225 333 0.553993432264
225 376 0.564334391241
225 378 0.550913439099
225 397 0.622589317114
227 333 0.551639997034
227 337 0.574373805501
227 376 0.62241271913
333 80 0.583674124472
333 121 0.606733701175
333 139 0.576413267016
333 239 0.548866809282
333 337 0.642611172871
333 376 0.680375937602
337 121 0.541487493812
337 139 0.576283120952
337 376 0.5817446999
376 80 0.618752665094
376 139 0.653244294928
376 397 0.560019542729
376 471 0.542798069646
34 205 0.542319369409
34 409 0.57654229298
205 367 0.542376801743
35 41 0.674893415485
35 90 0.639933204741
35 96 0.693285614706
35 111 0.694993635244
35 112 0.657479271141
35 130 0.77884775003
35 155 0.713606417311
35 202 0.624060824728
35 210 0.634050896022
35 213 0.661751354379
35 272 0.693825898789
35 304 0.55124612332
35 309 0.704245740963
35 317 0.732771715582
35 327 0.59313286707
35 347 0.674212331273
35 365 0.574467315101
35 384 0.582920882633
41 90 0.687203220997
41 91 0.550110764138
41 96 0.646140967719
41 111 0.66676002729
41 112 0.603966962698
41 130 0.68010064073
41 155 0.708205060833
41 202 0.580115604576
41 210 0.569152288218
41 213 0.66714081273
41 272 0.664904219293
41 304 0.550716450958
41 309 0.635237444116
41 317 0.69586668243
41 327 0.576909724924
41 347 0.654249694745
41 384 0.563012172559
90 96 0.692510311422
90 111 0.666870435649
90 112 0.600010739255
90 130 0.698405605184
90 155 0.675127011426
90 156 0.578953693536
90 202 0.587072867103
90 210 0.558601075134
90 213 0.607594523454
90 272 0.634680912191
90 309 0.714434354388
90 317 0.577052006222
90 327 0.552543581715
90 347 0.607842435382
90 365 0.682494306895
96 111 0.759402767135
96 112 0.688656570593
96 130 0.743787276929
96 155 0.728359434866
96 202 0.577624852289
96 210 0.598653724209
96 213 0.638226144751
96 272 0.684078518749
96 309 0.735423606402
96 317 0.656735980848
96 327 0.583734818548
96 347 0.730101073041
96 384 0.550351241994
111 112 0.649862358234
111 130 0.753405226028
111 155 0.796334089132
111 156 0.544325639569
111 202 0.634559132442
111 210 0.602043015998
111 213 0.650981620094
111 272 0.679347819675
111 309 0.744482959919
111 317 0.670228653599
111 327 0.570297627161
111 347 0.740072270332
111 384 0.577099761538
112 91 0.640204743681
112 130 0.740851279113
112 155 0.723054821493
112 169 0.56280619299
112 202 0.614542037208
112 210 0.628166174046
112 213 0.653504613907
112 272 0.763904345274
112 304 0.590691340187
112 309 0.675347526831
112 317 0.64471869251
112 327 0.618827975486
112 347 0.606085352932
112 384 0.565831295662
130 91 0.575363530028
130 155 0.758419934213
130 156 0.543217151501
130 202 0.686013495812
130 210 0.69078195303
130 213 0.727399393106
130 272 0.773569430518
130 304 0.614817856893
130 309 0.767594159525
130 317 0.733592474151
130 327 0.598991826315
130 329 0.564668859063
130 347 0.710399194373
130 365 0.605145311787
130 384 0.612188252325
130 410 0.581470697975
155 91 0.549571254111
155 202 0.643073272586
155 210 0.654733600721
155 213 0.675352579182
155 272 0.718467152798
155 304 0.574071917814
155 309 0.722266105037
155 317 0.684111551754
155 327 0.590656197466
155 347 0.736032338338
155 365 0.544581259279
155 384 0.573654608237
155 410 0.559272639015
202 91 0.551758401982
202 210 0.635661360343
202 213 0.610524899651
202 272 0.619490669006
202 304 0.643362007518
202 309 0.645887454743
202 317 0.625521488852
202 327 0.587206719107
202 347 0.638738817413
202 384 0.705548356845
202 410 0.570019568302
210 213 0.628679010151
210 272 0.670364762626
210 304 0.681736217431
210 309 0.619624377096
210 317 0.586810892718
210 327 0.556380915404
210 384 0.607456290454
210 410 0.570808672992
213 272 0.707843731943
213 304 0.5530485531
213 309 0.640573787903
213 317 0.674248525985
213 327 0.60257182627
213 347 0.590520045852
213 384 0.563982373781
272 91 0.566241109532
272 304 0.57613274595
272 309 0.704503605065
272 317 0.670125727962
272 327 0.623376526312
272 347 0.61813992039
272 384 0.552566620656
304 309 0.568353077977
304 317 0.549087661266
304 384 0.614262415415
304 410 0.561011344265
309 91 0.562772422347
309 317 0.660984795961
309 327 0.58180021545
309 347 0.731853152603
309 365 0.61362515253
309 384 0.623807984039
309 410 0.551908317522
317 327 0.553433354838
317 347 0.637633532819
317 365 0.563531951795
317 384 0.589754175504
347 91 0.553586836821
347 384 0.571530848268
365 72 0.596323844114
365 156 0.634898056604
384 410 0.629641132134
36 43 0.568010169451
36 289 0.64776999382
36 391 0.567784485644
36 411 0.641095257783
36 469 0.551223809543
43 73 0.569462719882
43 252 0.734783197043
43 259 0.860701523608
43 289 0.667106456472
43 290 0.605501660325
43 391 0.594171762308
43 411 0.594037229112
43 469 0.546158251918
289 69 0.542886685088
289 252 0.598936282993
289 259 0.648347729762
289 362 0.605159820127
289 391 0.631803417852
289 411 0.632817530859
289 469 0.607334773468
391 69 0.593024689792
391 259 0.597546893375
391 362 0.716011633581
391 411 0.570752083986
411 252 0.570418785712
411 259 0.574121202215
37 73 0.588144378765
37 405 0.554510322864
73 259 0.557897171613
73 405 0.734346031796
405 369 0.549659261311
38 433 0.574092092693
39 46 0.628101247698
39 275 0.647041457303
39 464 0.572713774696
46 275 0.687490202581
277 185 0.727596331562
378 217 0.574033480277
91 169 0.651903811912
91 329 0.55025064695
42 52 0.644673356486
42 159 0.590732976374
42 160 0.583378767817
42 292 0.590646711684
42 426 0.661473891
52 159 0.729489879129
52 160 0.723783089217
52 292 0.615856389353
52 426 0.781765477123
159 160 0.701876600409
159 292 0.603424656591
159 426 0.75150966338
160 292 0.585220075811
160 426 0.77574122579
292 426 0.653306576175
252 259 0.762788911949
259 290 0.596514292087
48 445 0.669539085371
49 369 0.544771222804
369 381 0.56256196837
50 335 0.638623701528
335 177 0.576104696744
262 457 0.554571503234
59 401 0.57850651237
65 183 0.583814037522
183 195 0.620768045363
66 172 0.601484939658
66 370 0.58238240589
66 390 0.551719743018
66 392 0.759005380945
66 449 0.703096861599
172 193 0.713747355553
172 250 0.83333015357
172 270 0.745745830208
172 368 0.694630039538
172 370 0.845717929463
172 390 0.74694718805
172 392 0.54203413413
172 449 0.564200806295
370 193 0.710430436354
370 250 0.81708618325
370 270 0.695055924702
370 368 0.711749588828
370 390 0.720538950999
370 449 0.549946963589
390 193 0.788143825713
390 250 0.735242689848
390 270 0.807570362421
390 368 0.572842743478
392 449 0.705220884798
70 166 0.553457417358
166 173 0.602786213966
166 434 0.599250980529
72 156 0.622842764499
74 194 0.642902788085
74 247 0.59178725813
194 110 0.588032059114
194 212 0.555788431869
194 241 0.626853471234
194 247 0.803255076518
194 254 0.546295682563
194 280 0.610301944596
194 295 0.555146994467
247 110 0.581725159887
247 212 0.541013054637
247 241 0.578694544148
247 280 0.578919159514
79 322 0.673144976406
79 380 0.781155203514
322 380 0.748751585043
80 121 0.564716073
80 139 0.552787354197
121 139 0.563067451286
121 331 0.642098594461
139 179 0.561456310336
82 453 0.544907150441
453 423 0.586028244519
453 424 0.577972620031
87 300 0.657135652813
104 228 0.645769926586
104 303 0.571418624714
329 251 0.555595198805
329 463 0.609700205124
470 163 0.556597772806
94 103 0.628472737157
94 108 0.541449017219
94 249 0.599481614383
103 108 0.623459752553
103 249 0.713435693932
103 354 0.563107968594
108 249 0.656078145677
108 354 0.557177886912
249 354 0.556775860811
228 303 0.627135912439
106 339 0.66539948185
339 140 0.629638210988
110 280 0.586376284191
280 254 0.566931543648
120 319 0.641113574936
120 431 0.541123763287
319 431 0.721783831159
431 246 0.615046315601
431 434 0.548929163172
123 261 0.770729065006
123 360 0.776309078854
261 360 0.713157323829
129 334 0.544325268882
334 211 0.576923591369
131 158 0.568700031942
133 134 0.977305748215
136 137 0.747028075735
136 188 0.567331884676
136 253 0.546494298959
136 408 0.657309922197
137 188 0.559484116432
137 253 0.567418931456
137 408 0.609923160696
188 182 0.606161619181
188 253 0.637545736861
188 256 0.614572695903
188 271 0.626972686417
188 318 0.634970312204
188 379 0.614032989736
188 408 0.593934165669
188 419 0.55864230069
253 182 0.573255390621
253 256 0.567059389522
253 271 0.750250086247
253 318 0.712747207402
253 408 0.584611366169
408 271 0.542035141494
408 318 0.567451634393
179 180 0.562910119441
142 356 0.779666217513
145 268 0.550942982072
173 434 0.740980377039
434 240 0.553511158386
168 359 0.78532597151
193 250 0.685967450237
193 270 0.788507302081
193 368 0.591657035591
250 270 0.728059295561
250 368 0.609645717887
270 368 0.552698167497
368 209 0.557895697517
174 177 0.583439904363
180 239 0.772107631311
180 363 0.577352144622
180 435 0.567503351599
239 363 0.645721098948
182 256 0.549494045137
182 271 0.563480885173
182 318 0.580321479457
256 271 0.552405105417
271 318 0.70677935732
318 379 0.542250922655
379 416 0.67053076587
191 257 0.557644032637
191 266 0.648221723252
191 321 0.648497083541
191 367 0.613103845446
257 266 0.596446238745
266 321 0.71594068582
266 367 0.692310052539
321 223 0.564568840859
321 367 0.745046268396
254 295 0.557916794677
208 437 0.662722196085
209 442 0.750519303595
231 332 0.66986478037
231 460 0.727001155751
332 460 0.68491859017
232 328 0.780294821617
251 463 0.583782778026
258 364 0.601686621109
273 345 0.60674904268
273 440 0.670897513614
345 440 0.643771100724
274 465 0.653769968296
276 450 0.846688045115
278 336 0.563329719557
287 466 0.554099182868
298 396 0.653196817462
302 341 0.598561123911
311 312 0.908172766312
361 439 0.58964136844
373 454 0.762845557494
423 424 0.97721736887
429 430 0.934144887425
